HMMER3/f [3.3 | Nov 2019]
NAME  alignement
LENG  60
ALPH  amino
RF    no
MM    no
CONS  yes
CS    no
MAP   yes
DATE  Mon May  8 12:43:21 2023
NSEQ  52
EFFN  4.173584
CKSUM 3427525846
STATS LOCAL MSV       -8.7046  0.71894
STATS LOCAL VITERBI   -8.7868  0.71894
STATS LOCAL FORWARD   -4.0134  0.71894
HMM          A        C        D        E        F        G        H        I        K        L        M        N        P        Q        R        S        T        V        W        Y   
            m->m     m->i     m->d     i->m     i->i     d->m     d->d
  COMPO   2.48998  4.63808  3.23336  2.35328  4.26001  3.67568  3.99330  3.23315  2.23124  2.41288  3.93561  2.80009  4.19166  2.75843  2.12790  2.51529  3.01569  3.01067  5.44691  4.05737
          2.68619  4.42257  2.77520  2.72946  3.46386  2.40545  3.72527  3.29386  2.67741  2.69387  4.24722  2.90379  2.73761  3.18179  2.89616  2.37919  2.77552  2.98551  4.58509  3.61536
          1.44005  1.06304  0.87304  0.64856  0.73982  0.00000        *
      1   2.57768  5.42085  2.09175  1.39663  4.74936  3.54003  3.11432  4.24238  2.61377  3.71918  4.47508  2.70376  3.99566  2.75531  3.12729  2.83537  2.90481  3.80434  5.85465  4.42256      3 e - - -
          2.68618  4.42225  2.77519  2.73123  3.46354  2.40513  3.72494  3.29354  2.67741  2.69355  4.24690  2.90347  2.73739  3.18146  2.89801  2.37887  2.77519  2.98518  4.58477  3.61503
          0.01419  4.65780  5.38014  0.61958  0.77255  1.20390  0.35671
      2   2.80323  4.74427  3.40641  2.47895  3.92557  3.69426  3.90149  3.13268  2.46463  1.62116  3.83254  3.30794  4.07694  2.75549  2.64411  2.92174  3.03159  2.43626  5.28436  4.01256      4 l - - -
          2.68618  4.42225  2.77519  2.73123  3.46354  2.40513  3.72494  3.29354  2.67741  2.69355  4.24690  2.90347  2.73739  3.18146  2.89801  2.37887  2.77519  2.98518  4.58477  3.61503
          0.01344  4.71174  5.43409  0.61958  0.77255  0.18224  1.79216
      3   4.16591  6.19793  4.79001  3.11702  5.88690  4.64837  4.34886  5.09026  0.68246  4.36912  5.26944  4.13244  4.94815  3.47039  1.29167  4.11941  4.23541  4.78847  6.28101  5.24842      5 K - - -
          2.68618  4.42225  2.77519  2.73123  3.46354  2.40513  3.72494  3.29354  2.67741  2.69355  4.24690  2.90347  2.73739  3.18146  2.89801  2.37887  2.77519  2.98518  4.58477  3.61503
          0.00828  5.19391  5.91626  0.61958  0.77255  0.48576  0.95510
      4   4.35706  6.26661  5.24303  4.06250  6.02223  4.77629  4.41520  5.19365  1.37178  4.44517  5.37215  4.28956  5.06156  3.54127  0.55228  4.31767  4.39261  4.91512  6.32308  5.34415      6 R - - -
          2.68618  4.42225  2.77519  2.73123  3.46354  2.40513  3.72494  3.29354  2.67741  2.69355  4.24690  2.90347  2.73739  3.18146  2.89801  2.37887  2.77519  2.98518  4.58477  3.61503
          0.00828  5.19391  5.91626  0.61958  0.77255  0.48576  0.95510
      5   2.42463  5.37583  3.25881  1.93747  4.68178  3.75695  3.94704  3.25889  2.45164  3.19815  4.03645  3.24184  4.14911  1.69181  2.30400  2.95006  3.19809  3.15543  5.83200  4.44775      7 q - - -
          2.68618  4.42225  2.77519  2.73123  3.46354  2.40513  3.72494  3.29354  2.67741  2.69355  4.24690  2.90347  2.73739  3.18146  2.89801  2.37887  2.77519  2.98518  4.58477  3.61503
          0.00828  5.19391  5.91626  0.61958  0.77255  0.48576  0.95510
      6   3.22293  5.42609  3.64774  3.03264  4.73166  4.00063  4.09616  2.98886  1.25340  3.37785  4.49625  3.51880  4.37378  3.23323  1.47418  2.78324  3.43258  3.25491  5.85145  4.56742      8 k - - -
          2.68618  4.42225  2.77519  2.73123  3.46354  2.40513  3.72494  3.29354  2.67741  2.69355  4.24690  2.90347  2.73739  3.18146  2.89801  2.37887  2.77519  2.98518  4.58477  3.61503
          0.00828  5.19391  5.91626  0.61958  0.77255  0.48576  0.95510
      7   4.00628  5.93087  4.70874  3.84703  3.29977  4.58060  4.38607  4.70014  2.31395  4.10760  5.04912  4.14726  4.91843  3.55856  0.42988  4.02720  4.13671  4.43897  6.03284  4.80622      9 R - - -
          2.68618  4.42225  2.77519  2.73123  3.46354  2.40513  3.72494  3.29354  2.67741  2.69355  4.24690  2.90347  2.73739  3.18146  2.89801  2.37887  2.77519  2.98518  4.58477  3.61503
          0.00828  5.19391  5.91626  0.61958  0.77255  0.48576  0.95510
      8   3.08517  4.78437  4.00610  3.41107  3.90812  4.05639  4.27023  2.50547  1.54485  1.84145  2.07916  3.79617  4.42710  3.09831  3.11724  3.31574  3.31026  3.05066  5.35084  4.13259     10 k - - -
          2.68618  4.42225  2.77519  2.73123  3.46354  2.40513  3.72494  3.29354  2.67741  2.69355  4.24690  2.90347  2.73739  3.18146  2.89801  2.37887  2.77519  2.98518  4.58477  3.61503
          0.00828  5.19391  5.91626  0.61958  0.77255  0.48576  0.95510
      9   3.00455  4.48327  4.45917  2.84872  3.58584  4.10572  4.40768  1.63846  3.75250  1.94600  2.84464  3.68509  4.47510  2.13737  3.93550  3.39109  3.23654  2.26382  3.75357  3.90229     11 i - - -
          2.68618  4.42225  2.77519  2.73123  3.46354  2.40513  3.72494  3.29354  2.67741  2.69355  4.24690  2.90347  2.73739  3.18146  2.89801  2.37887  2.77519  2.98518  4.58477  3.61503
          0.00828  5.19391  5.91626  0.61958  0.77255  0.48576  0.95510
     10   2.44754  5.55498  3.56165  2.97990  5.00465  3.94691  4.10384  4.43467  1.53317  3.90951  4.69190  3.47712  4.35362  3.21715  2.19897  1.29118  3.44369  4.02811  6.01566  4.70027     12 s - - -
          2.68618  4.42225  2.77519  2.73123  3.46354  2.40513  3.72494  3.29354  2.67741  2.69355  4.24690  2.90347  2.73739  3.18146  2.89801  2.37887  2.77519  2.98518  4.58477  3.61503
          0.00828  5.19391  5.91626  0.61958  0.77255  0.48576  0.95510
     11   4.55105  6.29338  4.42594  4.47621  5.96089  4.71434  5.85223  6.14672  5.01750  5.59858  6.66142  0.10739  5.44294  5.27044  5.29510  4.64646  5.02610  5.59993  7.00484  5.92602     13 N - - -
          2.68618  4.42225  2.77519  2.73123  3.46354  2.40513  3.72494  3.29354  2.67741  2.69355  4.24690  2.90347  2.73739  3.18146  2.89801  2.37887  2.77519  2.98518  4.58477  3.61503
          0.00828  5.19391  5.91626  0.61958  0.77255  0.48576  0.95510
     12   4.39009  6.26274  5.15428  4.12542  5.99858  4.77938  4.50932  5.24364  2.25631  4.51169  5.44961  4.35708  5.10690  3.64433  0.30921  4.36737  4.45730  4.95866  6.37635  5.39465     14 R - - -
          2.68618  4.42225  2.77519  2.73123  3.46354  2.40513  3.72494  3.29354  2.67741  2.69355  4.24690  2.90347  2.73739  3.18146  2.89801  2.37887  2.77519  2.98518  4.58477  3.61503
          0.00828  5.19391  5.91626  0.61958  0.77255  0.48576  0.95510
     13   3.45072  6.03020  2.65136  0.69385  5.35371  3.90911  4.29431  4.86159  3.13524  4.31734  5.10835  3.36070  4.44433  2.18656  3.03664  3.35894  3.70643  4.41618  6.44185  4.98185     15 e - - -
          2.68618  4.42225  2.77519  2.73123  3.46354  2.40513  3.72494  3.29354  2.67741  2.69355  4.24690  2.90347  2.73739  3.18146  2.89801  2.37887  2.77519  2.98518  4.58477  3.61503
          0.00828  5.19391  5.91626  0.61958  0.77255  0.48576  0.95510
     14   1.73007  4.96037  4.99704  4.92002  5.71338  3.74286  5.73641  5.20353  4.97635  4.91007  5.67137  4.53548  4.60741  5.12251  5.07634  0.39751  3.61953  4.33180  7.05115  5.97790     16 S - - -
          2.68618  4.42225  2.77519  2.73123  3.46354  2.40513  3.72494  3.29354  2.67741  2.69355  4.24690  2.90347  2.73739  3.18146  2.89801  2.37887  2.77519  2.98518  4.58477  3.61503
          0.00828  5.19391  5.91626  0.61958  0.77255  0.48576  0.95510
     15   0.13144  5.41757  5.34158  5.34455  5.90188  4.19009  6.10445  5.33824  5.40587  5.09858  6.04464  5.02724  5.02753  5.60258  5.43368  3.80367  4.16039  4.67627  7.09545  6.17449     17 A - - -
          2.68618  4.42225  2.77519  2.73123  3.46354  2.40513  3.72494  3.29354  2.67741  2.69355  4.24690  2.90347  2.73739  3.18146  2.89801  2.37887  2.77519  2.98518  4.58477  3.61503
          0.00828  5.19391  5.91626  0.61958  0.77255  0.48576  0.95510
     16   1.97211  5.55949  3.58820  2.97881  4.91440  3.98691  3.41083  4.32972  2.49252  3.10948  4.61765  3.47726  4.36125  2.21223  1.16127  3.22388  3.44593  3.96052  5.94304  4.64060     18 r - - -
          2.68618  4.42225  2.77519  2.73123  3.46354  2.40513  3.72494  3.29354  2.67741  2.69355  4.24690  2.90347  2.73739  3.18146  2.89801  2.37887  2.77519  2.98518  4.58477  3.61503
          0.00828  5.19391  5.91626  0.61958  0.77255  0.48576  0.95510
     17   3.43002  5.66050  3.82455  2.45210  5.04259  4.14301  4.15658  4.41857  2.28884  2.37991  4.72568  3.64201  4.50620  3.28218  0.86618  3.42252  3.04970  4.07717  6.00235  4.75965     19 r - - -
          2.68618  4.42225  2.77519  2.73123  3.46354  2.40513  3.72494  3.29354  2.67741  2.69355  4.24690  2.90347  2.73739  3.18146  2.89801  2.37887  2.77519  2.98518  4.58477  3.61503
          0.00828  5.19391  5.91626  0.61958  0.77255  0.48576  0.95510
     18   3.06552  2.29169  5.06654  4.73761  3.31821  3.84395  5.27298  4.19109  4.61997  3.93476  4.84962  4.49230  4.61855  4.81289  4.75310  0.47423  3.57100  3.76328  6.10482  4.78588     20 S - - -
          2.68618  4.42225  2.77519  2.73123  3.46354  2.40513  3.72494  3.29354  2.67741  2.69355  4.24690  2.90347  2.73739  3.18146  2.89801  2.37887  2.77519  2.98518  4.58477  3.61503
          0.00828  5.19391  5.91626  0.61958  0.77255  0.48576  0.95510
     19   4.37335  6.26645  5.21150  4.08757  6.01564  4.77932  4.44831  5.21124  1.91285  4.46861  5.40019  4.31483  5.07952  3.57759  0.37784  4.33981  4.41876  4.93155  6.34220  5.36336     21 R - - -
          2.68618  4.42225  2.77519  2.73123  3.46354  2.40513  3.72494  3.29354  2.67741  2.69355  4.24690  2.90347  2.73739  3.18146  2.89801  2.37887  2.77519  2.98518  4.58477  3.61503
          0.00828  5.19391  5.91626  0.61958  0.77255  0.48576  0.95510
     20   2.38412  5.18669  3.37364  2.32310  4.42887  3.80553  4.00511  3.84647  2.42987  1.86124  2.56148  3.33377  4.19488  2.35476  2.52485  3.00908  3.20821  3.52086  5.68508  3.60892     22 l - - -
          2.68618  4.42225  2.77519  2.73123  3.46354  2.40513  3.72494  3.29354  2.67741  2.69355  4.24690  2.90347  2.73739  3.18146  2.89801  2.37887  2.77519  2.98518  4.58477  3.61503
          0.00828  5.19391  5.91626  0.61958  0.77255  0.48576  0.95510
     21   4.36660  6.26724  5.23165  4.07586  6.02045  4.77882  4.43068  5.20231  1.69898  4.45632  5.38570  4.30229  5.07080  3.55826  0.43336  4.32989  4.40615  4.92361  6.33211  5.35376     23 R - - -
          2.68618  4.42225  2.77519  2.73123  3.46354  2.40513  3.72494  3.29354  2.67741  2.69355  4.24690  2.90347  2.73739  3.18146  2.89801  2.37887  2.77519  2.98518  4.58477  3.61503
          0.00828  5.19391  5.91626  0.61958  0.77255  0.48576  0.95510
     22   4.22666  6.23369  4.45868  3.82891  5.87341  4.62027  4.47333  5.18394  0.32269  4.47715  5.40198  4.16170  5.00028  2.95672  2.75581  4.18430  4.33868  4.87571  6.37709  5.31907     24 K - - -
          2.68618  4.42225  2.77519  2.73123  3.46354  2.40513  3.72494  3.29354  2.67741  2.69355  4.24690  2.90347  2.73739  3.18146  2.89801  2.37887  2.77519  2.98518  4.58477  3.61503
          0.00828  5.19391  5.91626  0.61958  0.77255  0.48576  0.95510
     23   2.56574  5.44836  3.36885  2.79520  4.77478  3.83658  3.99113  3.75620  1.77045  3.72901  3.96570  3.32242  4.22314  1.20977  2.80980  3.04349  3.07985  3.83020  5.87867  4.52108     25 q - - -
          2.68618  4.42225  2.77519  2.73123  3.46354  2.40513  3.72494  3.29354  2.67741  2.69355  4.24690  2.90347  2.73739  3.18146  2.89801  2.37887  2.77519  2.98518  4.58477  3.61503
          0.00828  5.19391  5.91626  0.61958  0.77255  0.48576  0.95510
     24   1.57323  5.47278  2.89523  2.09613  4.81582  3.74358  3.92973  3.70257  2.12686  3.77575  4.51469  3.21229  4.13762  2.30525  2.33869  2.93535  3.20258  3.86248  5.90522  4.49838     26 a - - -
          2.68618  4.42225  2.77519  2.73123  3.46354  2.40513  3.72494  3.29354  2.67741  2.69355  4.24690  2.90347  2.73739  3.18146  2.89801  2.37887  2.77519  2.98518  4.58477  3.61503
          0.00828  5.19391  5.91626  0.61958  0.77255  0.48576  0.95510
     25   2.99220  5.27445  3.34573  2.01305  4.52506  3.80142  2.50125  3.97191  2.61411  2.92994  4.33790  3.31117  4.19103  2.56421  2.91677  3.00319  3.22168  3.62335  3.79624  1.71014     27 y - - -
          2.68618  4.42225  2.77519  2.73123  3.46354  2.40513  3.72494  3.29354  2.67741  2.69355  4.24690  2.90347  2.73739  3.18146  2.89801  2.37887  2.77519  2.98518  4.58477  3.61503
          0.00828  5.19391  5.91626  0.61958  0.77255  0.48576  0.95510
     26   2.76505  2.75858  4.97685  4.36579  3.51148  4.21096  4.54789  1.88365  4.15893  1.64329  2.75534  4.36474  4.57316  4.29667  4.17851  3.21872  2.04607  2.07385  5.04817  3.87117     28 l - - -
          2.68618  4.42225  2.77519  2.73123  3.46354  2.40513  3.72494  3.29354  2.67741  2.69355  4.24690  2.90347  2.73739  3.18146  2.89801  2.37887  2.77519  2.98518  4.58477  3.61503
          0.00828  5.19391  5.91626  0.61958  0.77255  0.48576  0.95510
     27   2.66333  5.45185  2.28441  1.63968  4.12883  3.20148  3.58107  4.26892  2.15336  3.22365  3.73965  3.20834  4.13098  2.76720  3.15496  2.63122  2.79641  3.15219  5.88949  4.48354     29 e - - -
          2.68618  4.42225  2.77519  2.73123  3.46354  2.40513  3.72494  3.29354  2.67741  2.69355  4.24690  2.90347  2.73739  3.18146  2.89801  2.37887  2.77519  2.98518  4.58477  3.61503
          0.00828  5.19391  5.91626  0.61958  0.77255  0.48576  0.95510
     28   3.23321  3.09980  1.69942  1.13452  5.10369  3.82867  4.14509  4.60251  2.96673  4.07654  4.84008  2.79753  4.30953  2.56053  3.49080  3.16788  3.48007  4.16145  6.21244  4.76849     30 e - - -
          2.68618  4.42225  2.77519  2.73123  3.46354  2.40513  3.72494  3.29354  2.67741  2.69355  4.24690  2.90347  2.73739  3.18146  2.89801  2.37887  2.77519  2.98518  4.58477  3.61503
          0.00828  5.19391  5.91626  0.61958  0.77255  0.48576  0.95510
     29   4.14515  5.56117  5.78475  5.43297  3.93456  5.14695  5.92675  3.11896  5.18166  0.27448  3.72465  5.52872  5.53919  5.31634  5.21386  4.66013  3.26167  3.31240  6.11535  5.07659     31 L - - -
          2.68618  4.42225  2.77519  2.73123  3.46354  2.40513  3.72494  3.29354  2.67741  2.69355  4.24690  2.90347  2.73739  3.18146  2.89801  2.37887  2.77519  2.98518  4.58477  3.61503
          0.00828  5.19391  5.91626  0.61958  0.77255  0.48576  0.95510
     30   2.29655  5.21099  3.34372  1.26899  4.46169  3.56357  3.99246  3.09081  2.78164  3.47533  4.27882  3.31141  4.18142  2.52989  3.25016  2.85188  2.71918  3.21152  3.90864  4.36093     32 e - - -
          2.68618  4.42225  2.77519  2.73123  3.46354  2.40513  3.72494  3.29354  2.67741  2.69355  4.24690  2.90347  2.73739  3.18146  2.89801  2.37887  2.77519  2.98518  4.58477  3.61503
          0.00828  5.19391  5.91626  0.61958  0.77255  0.48576  0.95510
     31   2.03323  5.46744  2.67282  2.53787  4.81091  3.73495  3.03692  3.37415  2.35055  3.77202  4.50853  2.49730  4.12840  2.27473  2.29670  2.58876  2.92143  3.55967  5.90105  4.49111     33 a - - -
          2.68618  4.42225  2.77519  2.73123  3.46354  2.40513  3.72494  3.29354  2.67741  2.69355  4.24690  2.90347  2.73739  3.18146  2.89801  2.37887  2.77519  2.98518  4.58477  3.61503
          0.00828  5.19391  5.91626  0.61958  0.77255  0.48576  0.95510
     32   3.13440  5.59001  3.41423  1.95500  4.96941  3.88274  4.00404  4.42364  1.55566  3.87585  3.92532  3.35264  4.26506  2.13829  1.72275  3.09724  3.04435  4.00180  5.97260  4.61809     34 k - - -
          2.68618  4.42225  2.77519  2.73123  3.46354  2.40513  3.72494  3.29354  2.67741  2.69355  4.24690  2.90347  2.73739  3.18146  2.89801  2.37887  2.77519  2.98518  4.58477  3.61503
          0.00828  5.19391  5.91626  0.61958  0.77255  0.48576  0.95510
     33   2.71996  5.06348  5.95286  5.47370  4.46720  5.43638  6.13230  1.70124  5.40413  2.35909  4.22225  5.60114  5.67778  5.64650  5.54813  4.85407  4.11291  0.57712  6.49014  5.27016     35 V - - -
          2.68618  4.42225  2.77519  2.73123  3.46354  2.40513  3.72494  3.29354  2.67741  2.69355  4.24690  2.90347  2.73739  3.18146  2.89801  2.37887  2.77519  2.98518  4.58477  3.61503
          0.00828  5.19391  5.91626  0.61958  0.77255  0.48576  0.95510
     34   2.10062  5.46926  2.50774  1.86987  4.81294  3.73517  3.92290  4.29802  2.46421  3.77395  3.98695  2.69511  4.12898  2.35905  3.15108  2.09168  2.85297  3.51276  5.90274  4.49248     36 e - - -
          2.68618  4.42225  2.77519  2.73123  3.46354  2.40513  3.72494  3.29354  2.67741  2.69355  4.24690  2.90347  2.73739  3.18146  2.89801  2.37887  2.77519  2.98518  4.58477  3.61503
          0.00828  5.19391  5.91626  0.61958  0.77255  0.48576  0.95510
     35   2.64683  5.42622  2.73505  2.27027  3.60802  3.74251  3.34059  4.22535  2.45966  3.40652  4.47187  3.01950  4.13553  2.30393  2.78552  2.14707  2.55381  2.54782  4.56571  4.13405     37 s - - -
          2.68618  4.42225  2.77519  2.73123  3.46354  2.40513  3.72494  3.29354  2.67741  2.69355  4.24690  2.90347  2.73739  3.18146  2.89801  2.37887  2.77519  2.98518  4.58477  3.61503
          0.00828  5.19391  5.91626  0.61958  0.77255  0.48576  0.95510
     36   3.47334  4.85564  5.17985  4.60320  3.53700  4.62045  4.86180  2.97726  4.40048  0.54243  3.00198  4.69903  4.93664  4.54899  4.47049  3.19291  3.70403  2.96643  5.28335  3.12124     38 L - - -
          2.68618  4.42225  2.77519  2.73123  3.46354  2.40513  3.72494  3.29354  2.67741  2.69355  4.24690  2.90347  2.73739  3.18146  2.89801  2.37887  2.77519  2.98518  4.58477  3.61503
          0.00828  5.19391  5.91626  0.61958  0.77255  0.48576  0.95510
     37   2.96183  5.46834  3.21191  2.06880  4.81203  3.16345  3.92279  3.80126  1.81159  3.77282  4.50947  2.72858  4.12934  2.33614  2.67575  2.38536  2.24308  3.56015  5.90166  4.49203     39 k - - -
          2.68618  4.42225  2.77519  2.73123  3.46354  2.40513  3.72494  3.29354  2.67741  2.69355  4.24690  2.90347  2.73739  3.18146  2.89801  2.37887  2.77519  2.98518  4.58477  3.61503
          0.00828  5.19391  5.91626  0.61958  0.77255  0.48576  0.95510
     38   2.08969  5.47148  3.03737  2.25100  4.81624  2.79702  3.92224  4.30199  2.17284  3.56089  4.51229  2.00914  4.12854  2.55315  2.84511  2.62743  2.66252  3.86196  5.90429  4.49349     40 n - - -
          2.68618  4.42225  2.77519  2.73123  3.46354  2.40513  3.72494  3.29354  2.67741  2.69355  4.24690  2.90347  2.73739  3.18146  2.89801  2.37887  2.77519  2.98518  4.58477  3.61503
          0.00828  5.19391  5.91626  0.61958  0.77255  0.48576  0.95510
     39   2.85587  5.47643  2.43101  1.26111  4.81991  3.73811  3.92816  4.30509  2.54555  3.44773  4.51785  2.92680  4.13371  2.46280  2.84836  2.93058  2.59835  3.63086  5.90961  4.49901     41 e - - -
          2.68618  4.42225  2.77519  2.73123  3.46354  2.40513  3.72494  3.29354  2.67741  2.69355  4.24690  2.90347  2.73739  3.18146  2.89801  2.37887  2.77519  2.98518  4.58477  3.61503
          0.00828  5.19391  5.91626  0.61958  0.77255  0.48576  0.95510
     40   2.27233  5.05470  3.86817  3.52020  4.76483  3.83983  4.67208  2.74092  3.60024  3.82866  4.68617  0.68671  4.47355  3.91040  3.98127  2.82190  3.48903  3.70568  6.12392  4.85773     42 N - - -
          2.68618  4.42225  2.77519  2.73123  3.46354  2.40513  3.72494  3.29354  2.67741  2.69355  4.24690  2.90347  2.73739  3.18146  2.89801  2.37887  2.77519  2.98518  4.58477  3.61503
          0.00828  5.19391  5.91626  0.61958  0.77255  0.48576  0.95510
     41   2.04856  5.45307  3.02020  2.29550  4.79043  3.51044  3.60099  3.61514  2.06770  3.75505  3.19863  3.20800  4.13083  2.50995  2.81099  2.20589  2.40169  3.83957  5.89038  4.48415     43 a - - -
          2.68618  4.42225  2.77519  2.73123  3.46354  2.40513  3.72494  3.29354  2.67741  2.69355  4.24690  2.90347  2.73739  3.18146  2.89801  2.37887  2.77519  2.98518  4.58477  3.61503
          0.00828  5.19391  5.91626  0.61958  0.77255  0.48576  0.95510
     42   2.44956  4.01829  2.84008  1.94406  4.77920  3.73903  3.92729  3.18537  2.49350  3.74574  4.48878  3.10014  4.13227  2.55273  2.77449  2.09313  2.09585  3.82987  5.88455  4.48037     44 e - - -
          2.68618  4.42225  2.77519  2.73123  3.46354  2.40513  3.72494  3.29354  2.67741  2.69355  4.24690  2.90347  2.73739  3.18146  2.89801  2.37887  2.77519  2.98518  4.58477  3.61503
          0.00828  5.19391  5.91626  0.61958  0.77255  0.48576  0.95510
     43   3.56166  4.89504  5.44135  4.84835  3.06874  4.78857  5.10760  2.05550  4.67184  0.62052  3.54784  3.52410  5.06725  4.75380  4.69720  4.11753  3.78831  2.55477  5.48090  4.34674     45 L - - -
          2.68618  4.42225  2.77519  2.73123  3.46354  2.40513  3.72494  3.29354  2.67741  2.69355  4.24690  2.90347  2.73739  3.18146  2.89801  2.37887  2.77519  2.98518  4.58477  3.61503
          0.05466  5.19391  3.04399  0.61958  0.77255  0.48576  0.95510
     44   2.74366  5.14445  3.35063  2.79256  3.73609  3.77990  3.98392  2.86589  2.06219  2.86651  4.21545  2.71921  4.16960  2.86098  2.14748  2.08117  2.97390  2.86885  5.64783  3.86805     46 k - - -
          2.68618  4.42225  2.77519  2.73123  3.46354  2.40513  3.72494  3.29354  2.67741  2.69355  4.24690  2.90347  2.73739  3.18146  2.89801  2.37887  2.77519  2.98518  4.58477  3.61503
          0.02735  5.14792  3.85514  0.61958  0.77255  0.62888  0.76183
     45   1.82405  5.44256  2.62225  1.91657  4.78754  3.21768  3.64901  3.92728  2.10208  3.74778  4.48329  2.97837  4.09900  2.71984  2.77463  2.51276  2.98267  3.83316  5.87524  4.46428     47 a - - -
          2.68618  4.42225  2.77519  2.73123  3.46354  2.40513  3.72494  3.29354  2.67741  2.69355  4.24690  2.90347  2.73739  3.18146  2.89801  2.37887  2.77519  2.98518  4.58477  3.61503
          0.05053  5.12940  3.13843  0.61958  0.77255  0.67957  0.70692
     46   2.82767  5.43705  3.17063  1.63711  4.78329  3.41443  3.88539  4.26665  2.32962  3.74046  4.47875  2.96684  4.09463  1.86811  2.26841  2.61192  2.87932  3.82861  5.86670  4.45973     48 e - - -
          2.68618  4.42225  2.77519  2.73123  3.46354  2.40513  3.72494  3.29354  2.67741  2.69355  4.24690  2.90347  2.73739  3.18146  2.89801  2.37887  2.77519  2.98518  4.58477  3.61503
          0.00921  5.08809  5.81043  0.61958  0.77255  0.78123  0.61220
     47   3.03306  3.43276  5.51207  4.95615  3.95970  4.84335  5.29879  1.55337  4.80330  1.15724  3.83567  5.00546  5.14481  4.96261  4.85870  4.19637  3.73017  1.42437  5.72605  4.54814     49 l - - -
          2.68618  4.42225  2.77519  2.73123  3.46354  2.40513  3.72494  3.29354  2.67741  2.69355  4.24690  2.90347  2.73739  3.18146  2.89801  2.37887  2.77519  2.98518  4.58477  3.61503
          0.07586  5.08809  2.70485  0.61958  0.77255  0.78123  0.61220
     48   2.21993  5.39395  2.72078  2.22986  4.73815  3.39141  3.84637  4.22352  2.19860  3.30874  4.43488  2.59753  4.05263  2.64905  2.59245  2.10080  2.54876  3.78413  5.82711  4.41666     50 s - - -
          2.68618  4.42225  2.77519  2.73123  3.46354  2.40513  3.72494  3.29354  2.67741  2.69355  4.24690  2.90347  2.73739  3.18146  2.89801  2.37887  2.77519  2.98518  4.58477  3.61503
          0.00984  5.02207  5.74442  0.61958  0.77255  0.91786  0.50978
     49   2.03988  5.17669  2.96402  2.47260  4.44050  3.70175  3.90009  3.51441  2.46093  2.53495  3.76646  3.21149  4.09272  2.66237  2.23749  2.57555  2.96996  3.04559  5.66133  3.16677     51 a - - -
          2.68618  4.42225  2.77519  2.73123  3.46354  2.40513  3.72494  3.29354  2.67741  2.69355  4.24690  2.90347  2.73739  3.18146  2.89801  2.37887  2.77519  2.98518  4.58477  3.61503
          0.00984  5.02207  5.74442  0.61958  0.77255  0.91786  0.50978
     50   2.94979  4.59600  5.17247  4.57821  3.02638  4.47982  4.83591  1.99624  4.39717  0.93572  3.51607  4.62226  4.80112  4.52129  4.43175  3.80387  2.68962  2.02835  5.28536  4.13244     52 l - - -
          2.68618  4.42225  2.77519  2.73123  3.46354  2.40513  3.72494  3.29354  2.67741  2.69355  4.24690  2.90347  2.73739  3.18146  2.89801  2.37887  2.77519  2.98518  4.58477  3.61503
          0.11401  5.02207  2.29108  0.61958  0.77255  0.91786  0.50978
     51   2.64842  5.33780  3.10260  2.37532  4.67593  3.62253  3.80911  4.15585  2.12008  3.63939  3.33473  2.38412  4.01571  2.22212  2.47376  2.15367  2.63203  3.72478  5.77400  4.36896     53 k - - -
          2.68618  4.42225  2.77519  2.73123  3.46354  2.40513  3.72494  3.29354  2.67741  2.69355  4.24690  2.90347  2.73739  3.18146  2.89801  2.37887  2.77519  2.98518  4.58477  3.61503
          0.01091  4.91898  5.64132  0.61958  0.77255  1.08617  0.41174
     52   2.59153  5.35316  3.09736  2.09916  4.69698  3.24042  3.80800  4.18050  2.14060  3.38525  4.39468  2.68136  4.01556  2.16042  2.40870  2.07058  3.08007  3.74324  5.78562  4.37760     54 s - - -
          2.68618  4.42225  2.77519  2.73123  3.46354  2.40513  3.72494  3.29354  2.67741  2.69355  4.24690  2.90347  2.73739  3.18146  2.89801  2.37887  2.77519  2.98518  4.58477  3.61503
          0.01091  4.91898  5.64132  0.61958  0.77255  1.08617  0.41174
     53   2.68906  5.35489  2.46744  1.59255  4.69903  3.33085  3.21809  4.18434  2.19590  3.03703  4.39599  2.96012  4.01261  2.54460  2.72754  2.80867  2.91687  3.74507  5.78782  4.37737     55 e - - -
          2.68618  4.42225  2.77519  2.73123  3.46354  2.40513  3.72494  3.29354  2.67741  2.69355  4.24690  2.90347  2.73739  3.18146  2.89801  2.37887  2.77519  2.98518  4.58477  3.61503
          0.09910  4.91898  2.44134  0.61958  0.77255  1.08617  0.41174
     54   2.67197  2.97498  4.21019  3.62663  3.43115  3.91286  4.21201  2.43433  3.51873  2.28916  3.43893  2.82310  4.28448  3.75115  3.72442  2.70326  2.32901  2.39722  4.93407  1.98684     56 y - - -
          2.68618  4.42225  2.77519  2.73123  3.46354  2.40513  3.72494  3.29354  2.67741  2.69355  4.24690  2.90347  2.73739  3.18146  2.89801  2.37887  2.77519  2.98518  4.58477  3.61503
          0.01191  4.83179  5.55413  0.61958  0.77255  1.19870  0.35894
     55   2.65204  5.17419  2.35756  2.13395  4.46290  3.60900  3.80321  3.48567  2.33267  2.87398  3.69436  2.65584  4.00097  2.92166  3.04597  2.54576  2.56010  2.55485  5.64221  4.26808     57 e - - -
          2.68618  4.42225  2.77519  2.73123  3.46354  2.40513  3.72494  3.29354  2.67741  2.69355  4.24690  2.90347  2.73739  3.18146  2.89801  2.37887  2.77519  2.98518  4.58477  3.61503
          0.01191  4.83179  5.55413  0.61958  0.77255  1.19870  0.35894
     56   2.55522  5.30850  2.76911  1.93183  4.64824  2.79352  3.77352  3.46848  2.03243  3.61146  4.35068  3.05490  3.97917  2.66827  2.76774  2.28648  2.61451  3.69630  5.74432  4.33659     58 e - - -
          2.68618  4.42225  2.77519  2.73123  3.46354  2.40513  3.72494  3.29354  2.67741  2.69355  4.24690  2.90347  2.73739  3.18146  2.89801  2.37887  2.77519  2.98518  4.58477  3.61503
          0.01191  4.83179  5.55413  0.61958  0.77255  1.19870  0.35894
     57   2.85871  4.76156  5.36657  4.78837  3.57459  4.75716  5.12922  2.12093  4.63453  0.86399  2.78476  4.88955  5.00827  4.71943  4.67458  4.10020  3.68977  1.74338  5.47638  4.37377     59 l - - -
          2.68618  4.42225  2.77519  2.73123  3.46354  2.40513  3.72494  3.29354  2.67741  2.69355  4.24690  2.90347  2.73739  3.18146  2.89801  2.37887  2.77519  2.98518  4.58477  3.61503
          0.01191  4.83179  5.55413  0.61958  0.77255  1.19870  0.35894
     58   2.62114  5.30082  3.07289  1.91021  4.63712  3.59174  3.77798  4.11505  2.01178  2.89069  4.34435  2.63007  3.98498  2.71031  2.48418  2.55060  2.41610  3.68686  5.73766  4.33477     60 e - - -
          2.68618  4.42225  2.77519  2.73123  3.46354  2.40513  3.72494  3.29354  2.67741  2.69355  4.24690  2.90347  2.73739  3.18146  2.89801  2.37887  2.77519  2.98518  4.58477  3.61503
          0.01191  4.83179  5.55413  0.61958  0.77255  1.19870  0.35894
     59   1.99536  4.91486  3.29198  2.73612  4.15200  3.39797  3.89551  3.55464  2.72486  2.85855  4.01695  3.03305  4.06030  2.53223  3.17427  2.11167  2.10200  2.72357  5.45897  4.14651     61 a - - -
          2.68618  4.42225  2.77519  2.73123  3.46354  2.40513  3.72494  3.29354  2.67741  2.69355  4.24690  2.90347  2.73739  3.18146  2.89801  2.37887  2.77519  2.98518  4.58477  3.61503
          0.07150  4.83179  2.79635  0.61958  0.77255  1.19870  0.35894
     60   2.83213  5.56578  2.36324  1.14267  4.89485  3.60912  3.91968  4.39261  2.19802  3.86124  4.62557  3.06670  4.08939  2.40578  3.23846  2.95123  3.26361  3.95063  5.99183  4.55123     62 e - - -
          2.68652  4.42283  2.77538  2.73156  3.46412  2.40553  3.72513  3.29368  2.67775  2.69340  4.24748  2.89986  2.73798  3.18205  2.89829  2.37835  2.77546  2.98544  4.58373  3.61500
          0.99152  0.46364        *  1.02941  0.44195  0.00000        *
//
