0,3
0,649
0,651
0,912
0,23
0,161
0,419
0,165
0,424
0,299
0,303
0,561
0,307
0,181
0,964
0,837
0,289
0,203
0,80
0,467
0,733
0,108
0,123
0,255
1,497
1,385
1,614
1,481
1,712
1,937
1,140
1,877
1,240
1,369
1,146
1,243
1,84
1,512
1,660
1,474
1,904
1,860
2,420
2,805
2,295
2,648
2,664
2,824
2,109
2,846
2,141
2,596
2,344
2,467
2,276
2,533
2,24
2,84
2,591
2,527
2,382
3,831
3,99
3,132
3,392
3,429
3,47
3,528
3,131
3,597
3,248
3,868
3,187
3,732
3,125
3,671
4,192
4,256
4,809
4,164
4,134
4,361
4,940
4,109
4,14
4,175
4,273
4,370
4,789
4,622
4,87
4,376
4,825
4,255
5,647
5,9
5,400
5,531
5,153
5,159
5,932
5,166
5,943
5,95
5,701
5,448
5,325
5,71
5,331
5,89
5,479
5,16
5,359
5,745
5,999
5,626
5,378
5,764
6,15
6,789
6,406
6,801
6,675
6,689
6,296
6,686
6,49
6,438
6,60
6,578
6,710
6,337
6,213
6,990
6,96
6,106
6,239
6,370
6,635
6,981
7,520
7,13
7,915
7,21
7,151
7,284
7,807
7,296
7,426
7,686
7,176
7,433
7,947
7,824
7,825
7,193
7,201
7,589
7,211
7,609
7,360
7,367
7,249
7,122
8,161
8,359
8,321
8,134
8,17
8,275
8,167
8,270
8,209
8,243
8,756
8,789
8,952
8,953
8,58
8,794
9,36
9,41
9,365
9,206
9,369
9,882
9,723
9,116
9,798
9,984
9,473
9,58
9,126
10,865
10,132
10,293
10,838
10,967
10,552
10,540
10,11
10,332
10,847
10,144
10,808
10,888
10,841
10,728
10,612
10,476
10,863
11,643
11,775
11,776
11,395
11,413
11,159
11,549
11,559
11,183
11,568
11,444
11,960
11,199
11,846
11,465
11,343
11,869
11,871
11,104
11,231
11,623
11,884
11,889
12,419
12,260
12,389
12,518
12,837
12,13
12,143
12,177
12,788
12,374
12,900
12,890
12,859
12,286
12,127
13,152
13,146
13,661
13,792
13,816
13,567
13,447
13,64
13,579
13,580
13,203
13,718
13,604
13,739
13,743
13,747
13,877
13,754
13,371
13,253
13,510
14,513
14,773
14,776
14,395
14,147
14,22
14,260
14,282
14,922
14,288
14,419
14,292
14,41
14,440
14,185
14,714
14,844
14,213
14,600
14,481
14,237
14,496
14,341
15,448
15,569
15,40
15,668
15,951
15,780
15,718
15,687
15,720
15,456
15,50
15,371
15,724
15,377
15,216
15,57
15,698
15,59
15,540
16,448
16,704
16,923
16,260
16,455
16,200
16,519
16,769
16,613
16,629
16,22
16,663
16,858
16,575
16,476
16,381
16,95
17,384
17,898
17,963
17,839
17,969
17,269
17,175
17,982
17,183
17,541
17,29
17,382
17,351
18,930
18,931
18,324
18,133
18,166
18,199
18,391
18,556
18,653
18,399
18,144
18,626
18,307
18,659
18,725
18,825
18,281
18,59
18,636
18,990
18,869
19,896
19,321
19,995
19,868
19,678
19,262
19,297
19,237
19,302
19,338
19,245
19,89
19,700
19,882
19,703
20,129
20,774
20,513
20,144
20,663
20,537
20,731
20,44
20,436
20,219
20,572
20,446
20,833
20,336
20,83
20,985
20,475
20,352
20,359
20,493
20,240
20,723
20,116
20,62
20,249
20,895
21,259
21,395
21,275
21,277
21,924
21,799
21,291
21,166
21,936
21,554
21,775
21,567
21,957
21,706
21,842
21,853
21,854
21,343
21,233
21,747
21,237
21,725
22,897
22,939
22,779
22,531
22,794
22,412
22,29
22,43
22,797
22,952
22,699
22,573
22,319
22,198
22,329
22,714
22,995
22,725
22,987
22,862
22,993
22,98
22,739
22,360
22,238
22,374
22,122
22,765
23,642
23,521
23,524
23,158
23,671
23,929
23,549
23,295
23,556
23,302
23,434
23,691
23,696
23,453
23,587
23,590
23,599
23,606
23,995
23,238
23,882
23,504
23,380
24,704
24,65
24,579
24,651
24,487
24,938
24,203
24,880
24,851
24,692
24,85
24,246
24,346
24,883
24,899
24,890
24,894
25,160
25,320
25,515
25,836
25,582
25,358
25,489
25,395
25,590
25,367
25,905
25,995
25,533
25,791
25,254
25,639
26,288
26,736
26,34
26,99
26,927
26,903
26,970
26,459
26,973
26,637
26,784
26,914
26,86
26,313
26,826
26,347
26,29
26,351
27,879
27,453
27,646
27,308
27,520
27,170
27,889
27,238
27,751
27,304
27,402
27,51
27,148
27,302
27,885
27,249
27,774
27,28
27,485
28,513
28,130
28,644
28,655
28,274
28,921
28,430
28,441
28,325
28,328
28,211
28,87
28,869
28,877
28,369
28,755
28,756
28,501
28,632
28,634
28,379
28,252
28,255
29,147
29,535
29,409
29,410
29,162
29,166
29,807
29,936
29,438
29,183
29,703
29,712
29,82
29,595
29,218
29,861
29,734
29,608
29,100
29,485
29,360
29,751
29,787
29,756
29,376
29,638
29,511
30,193
30,740
30,613
30,71
30,968
30,588
30,426
30,396
30,306
30,110
30,973
30,178
30,513
30,543
30,530
30,447
31,644
31,615
31,553
31,778
31,587
31,813
31,238
31,431
31,432
31,638
31,723
31,148
31,478
31,726
31,119
31,473
31,762
31,509
31,286
32,672
32,833
32,776
32,651
32,684
32,974
32,687
32,592
32,818
32,435
32,116
32,949
32,630
32,247
32,724
32,156
32,798
33,962
33,749
33,165
33,454
33,394
33,236
33,301
33,366
33,477
33,851
33,981
33,950
33,665
33,859
33,317
33,650
34,775
34,415
34,544
34,428
34,431
34,561
34,947
34,184
34,574
34,448
34,67
34,324
34,838
34,970
34,974
34,466
34,985
34,989
34,995
34,376
34,633
35,898
35,133
35,649
35,526
35,272
35,276
35,282
35,923
35,496
35,803
35,809
35,556
35,950
35,570
35,60
35,319
35,834
35,327
35,717
35,974
35,722
35,270
35,86
35,217
35,104
35,240
35,243
36,965
36,261
36,615
36,42
36,647
36,922
36,48
36,657
36,149
36,969
36,216
36,890
36,714
36,421
37,783
37,130
37,581
37,689
37,873
37,810
37,75
37,460
37,482
37,207
37,401
37,882
37,84
37,610
37,602
37,143
37,732
37,735
38,898
38,901
38,902
38,930
38,165
38,175
38,177
38,441
38,187
38,192
38,453
38,846
38,79
38,210
38,470
38,345
38,363
38,237
38,750
38,885
38,886
38,503
38,637
39,320
39,897
39,232
39,841
39,170
39,107
39,300
39,557
39,239
39,755
39,149
40,64
40,354
40,67
40,651
40,869
40,295
40,359
40,880
40,596
40,951
40,854
40,183
40,587
40,724
40,58
40,155
40,154
40,734
40,637
41,672
41,731
41,838
41,550
41,103
41,968
41,907
41,268
41,208
41,696
41,329
41,216
41,505
41,155
41,541
42,641
42,387
42,397
42,784
42,410
42,283
42,807
42,808
42,425
42,555
42,304
42,817
42,51
42,694
42,312
42,829
42,822
42,201
42,334
42,335
42,728
42,603
42,874
42,937
42,374
42,809
43,450
43,547
43,710
43,721
43,839
43,364
43,398
43,303
43,848
43,593
43,878
43,952
43,249
43,251
43,895
43,767
44,133
44,518
44,779
44,140
44,909
44,528
44,922
44,540
44,298
44,817
44,563
44,693
44,825
44,570
44,958
44,70
44,971
44,343
44,88
44,611
44,233
44,378
44,380
45,548
45,645
45,200
45,457
45,943
45,848
45,465
45,822
45,252
45,726
45,599
45,859
45,572
45,894
45,575
46,832
46,321
46,226
46,771
46,485
46,454
46,867
46,811
46,108
46,975
46,925
46,496
46,243
46,84
46,85
46,150
46,440
46,688
46,880
46,923
46,757
47,640
47,641
47,420
47,325
47,775
47,424
47,426
47,205
47,494
47,493
47,720
47,433
47,946
47,622
47,928
47,887
47,346
47,699
48,977
48,259
48,260
48,165
48,135
48,617
48,647
48,493
48,431
48,728
48,788
48,693
48,630
48,951
48,56
48,525
48,862
49,235
49,324
49,357
49,615
49,796
49,843
49,395
49,582
49,720
49,830
49,916
49,437
49,853
49,730
49,699
49,540
49,158
49,549
50,134
50,138
50,917
50,662
50,793
50,415
50,181
50,310
50,957
50,309
50,961
50,970
50,631
50,206
50,719
50,218
50,226
50,487
50,874
50,747
50,113
50,887
51,865
51,634
51,100
51,325
51,840
51,747
51,812
51,237
51,781
51,176
51,626
51,979
51,56
51,228
51,218
51,330
51,510
52,512
52,131
52,644
52,581
52,776
52,681
52,458
52,687
52,208
52,968
52,915
52,948
52,911
52,918
52,119
52,569
52,731
52,220
52,158
53,128
53,770
53,144
53,786
53,550
53,682
53,175
53,432
53,821
53,567
53,825
53,321
53,837
53,584
53,969
53,599
53,229
53,509
53,625
53,370
53,763
53,298
54,768
54,804
54,933
54,201
54,235
54,669
54,624
54,791
54,946
54,83
54,276
54,953
54,329
54,745
54,884
54,445
55,225
55,163
55,545
55,936
55,809
55,686
55,953
55,754
55,595
55,564
55,183
55,596
55,700
55,62
55,479
56,322
56,827
56,196
56,956
56,899
56,987
56,723
56,409
56,217
56,538
56,155
56,60
56,979
56,959
57,908
57,142
57,406
57,414
57,935
57,681
57,688
57,186
57,62
57,706
57,78
57,722
57,83
57,981
57,983
57,860
57,735
57,97
57,872
57,630
57,341
58,141
58,785
58,533
58,150
58,921
58,414
58,287
58,560
58,987
58,814
58,688
58,452
58,204
58,335
58,213
58,856
58,91
58,98
58,612
58,997
58,107
58,109
58,629
59,133
59,265
59,325
59,649
59,557
59,430
59,819
59,310
59,695
59,952
59,581
59,711
59,72
59,333
59,207
59,859
59,991
59,994
59,740
59,240
59,886
59,638
60,779
60,665
60,925
60,422
60,553
60,682
60,940
60,562
60,573
60,578
60,325
60,454
60,712
60,332
60,589
60,974
60,591
60,848
60,973
60,469
60,474
60,475
60,719
60,354
60,487
60,236
60,370
60,122
60,894
61,160
61,449
61,420
61,997
61,231
61,681
61,779
61,268
61,910
61,80
61,881
61,595
61,659
61,793
61,592
61,185
61,506
61,476
61,836
62,240
62,294
62,810
62,428
62,820
62,351
62,880
62,835
62,709
62,994
62,848
62,341
62,87
62,348
62,607
62,354
62,109
62,624
62,625
62,498
63,64
63,352
63,960
63,869
63,390
63,775
63,649
63,778
63,555
63,652
63,914
63,495
63,656
63,801
63,84
63,207
63,860
63,637
63,702
63,864
64,677
64,241
64,124
64,375
64,300
64,141
64,177
64,338
64,984
64,561
64,278
64,329
64,824
64,888
64,156
64,694
65,515
65,406
65,652
65,534
65,791
65,158
65,288
65,293
65,988
65,938
65,222
65,697
65,570
65,842
65,329
65,74
65,977
65,853
65,345
65,219
65,220
65,221
65,606
65,351
65,613
65,887
65,511
66,524
66,911
66,277
66,291
66,293
66,423
66,557
66,989
66,561
66,437
66,311
66,189
66,451
66,837
66,456
66,803
66,347
66,860
66,93
66,870
66,873
66,746
66,107
66,110
66,626
66,755
66,762
66,253
66,895
67,364
67,779
67,274
67,275
67,279
67,153
67,669
67,803
67,297
67,307
67,825
67,954
67,197
67,586
67,587
67,332
67,461
67,719
67,976
67,977
67,728
67,858
67,352
67,482
67,360
67,746
67,108
67,247
68,640
68,290
68,868
68,517
68,294
68,925
68,681
68,599
68,407
68,493
68,367
68,838
68,375
68,861
68,862
69,815
69,846
69,137
69,651
69,77
69,467
69,527
69,371
69,526
69,215
69,153
69,591
69,446
69,597
70,320
70,720
70,322
70,561
70,744
70,395
70,204
70,397
70,567
70,461
70,336
70,241
70,791
70,247
70,717
70,378
70,412
70,888
70,542
70,556
71,258
71,904
71,395
71,154
71,539
71,285
71,645
71,301
71,700
71,192
71,201
71,849
71,338
71,852
71,379
71,368
71,628
71,767
71,893
71,895
72,603
72,283
72,101
72,134
72,551
72,232
72,297
72,330
72,366
72,664
72,248
72,761
72,765
72,254
73,701
73,388
73,581
73,136
73,489
73,394
73,203
73,937
73,109
73,173
73,466
73,791
73,338
73,968
73,309
73,150
73,183
73,981
73,573
73,286
73,565
74,643
74,775
74,265
74,650
74,914
74,798
74,680
74,300
74,304
74,833
74,831
74,324
74,588
74,846
74,80
74,989
74,992
74,499
74,245
74,762
74,763
74,638
75,800
75,200
75,108
75,397
75,367
75,178
75,883
75,469
75,983
75,153
75,794
75,479
76,481
76,610
76,865
76,392
76,407
76,365
76,467
76,916
76,894
76,471
76,569
76,442
76,638
77,139
77,784
77,274
77,410
77,795
77,816
77,803
77,683
77,560
77,438
77,958
77,963
77,966
77,201
77,842
77,204
77,216
77,239
77,880
77,115
77,950
77,636
77,923
77,766
78,448
78,506
78,459
78,165
78,102
78,764
78,362
78,395
78,877
78,554
78,888
78,314
78,636
78,285
78,319
79,802
79,515
79,101
79,840
79,523
79,876
79,334
79,304
79,771
79,694
79,409
79,794
79,867
79,286
80,386
80,262
80,782
80,410
80,795
80,416
80,289
80,91
80,292
80,431
80,178
80,446
80,705
80,715
80,843
80,591
80,603
80,990
80,877
80,750
80,958
81,417
81,163
81,453
81,774
81,201
81,202
81,653
81,910
81,973
81,464
81,466
81,403
81,308
81,661
81,246
81,663
81,121
81,218
81,219
81,511
82,142
82,143
82,279
82,411
82,812
82,826
82,445
82,574
82,717
82,976
82,851
82,220
82,478
82,740
82,491
82,365
82,495
82,752
82,885
82,761
82,762
83,928
83,995
83,534
83,999
83,680
83,457
83,335
83,947
83,649
83,250
83,540
83,445
83,414
83,927
84,260
84,257
84,780
84,141
84,910
84,400
84,915
84,686
84,416
84,975
84,93
84,478
84,225
84,358
84,876
84,880
84,626
85,480
85,272
85,897
85,775
85,201
85,491
85,236
85,813
85,527
85,304
85,625
85,438
85,537
85,719
85,624
86,130
86,650
86,524
86,661
86,280
86,153
86,158
86,548
86,933
86,720
86,725
86,598
86,727
86,93
86,992
86,867
86,620
86,240
86,501
86,383
86,277
87,419
87,716
87,461
87,525
87,722
87,483
87,691
87,723
87,119
87,740
87,186
88,593
88,585
88,775
88,365
88,622
88,113
88,537
88,794
88,479
88,316
88,637
88,958
88,383
89,320
89,973
89,587
89,295
89,330
89,395
89,915
89,142
89,207
89,336
89,241
89,370
89,726
89,855
89,312
89,826
89,623
89,700
89,605
90,960
90,641
90,323
90,484
90,389
90,521
90,745
90,915
90,206
90,625
90,195
90,643
90,405
90,693
90,713
90,933
90,186
90,380
90,629
91,875
91,742
91,327
91,232
91,491
91,524
91,302
91,527
91,680
91,904
91,116
91,174
91,982
91,430
91,600
91,507
91,412
91,719
92,454
92,204
92,332
92,589
92,845
92,529
92,275
92,825
92,473
92,154
92,634
92,223
93,673
93,520
93,937
93,619
93,162
93,911
93,240
94,491
94,900
94,999
94,486
94,487
94,264
94,551
94,746
94,327
94,684
94,653
94,619
94,913
94,115
94,404
94,889
94,884
94,986
94,906
95,859
95,586
95,390
95,904
95,457
95,554
95,364
95,722
95,486
95,367
95,508
95,439
95,184
95,477
95,155
95,252
95,189
95,670
95,479
96,130
96,516
96,393
96,273
96,147
96,417
96,674
96,347
96,550
96,300
96,819
96,312
96,448
96,834
96,196
96,865
96,463
96,727
96,475
96,609
96,360
96,747
96,108
96,751
96,625
96,762
96,635
97,708
97,581
97,934
97,135
97,744
97,265
97,234
97,775
97,111
97,690
97,371
97,999
97,374
97,869
97,888
97,538
97,700
97,922
97,798
97,735
98,256
98,194
98,406
98,806
98,849
98,328
98,489
98,972
98,386
98,882
98,918
98,400
98,584
98,466
98,596
98,885
98,984
98,827
98,829
99,898
99,388
99,967
99,680
99,684
99,938
99,172
99,141
99,973
99,338
99,131
99,884
99,437
99,745
99,280
99,991
99,671
100,321
100,195
100,580
100,168
100,204
100,924
100,108
100,623
100,273
100,946
100,532
100,694
100,361
100,731
100,124
100,926
101,774
101,136
101,916
101,794
101,541
101,670
101,298
101,690
101,174
101,968
101,434
101,823
101,580
101,484
101,868
101,987
101,991
101,609
101,228
101,232
101,105
101,109
101,370
101,631
102,772
102,519
102,522
102,911
102,659
102,660
102,544
102,809
102,555
102,698
102,832
102,450
102,204
102,975
102,340
102,356
102,615
102,104
102,361
102,745
102,876
102,884
102,631
103,656
103,546
103,931
103,389
103,585
103,999
103,138
103,902
103,866
103,751
103,240
103,742
103,594
103,341
103,150
103,393
103,922
103,315
103,542
104,847
104,260
104,489
104,973
104,557
104,111
104,592
104,753
104,355
104,734
104,986
104,431
104,190
104,975
105,641
105,145
105,908
105,141
105,401
105,542
105,415
105,291
105,682
105,812
105,707
105,966
105,203
105,973
105,467
105,506
105,480
105,743
105,239
105,378
105,507
105,639
106,264
106,905
106,522
106,658
106,790
106,665
106,550
106,813
106,942
106,561
106,314
106,956
106,445
106,336
106,214
106,730
106,904
106,350
106,229
106,231
106,874
106,119
106,633
106,762
106,127
107,320
107,672
107,705
107,356
107,421
107,456
107,521
107,394
107,718
107,938
107,151
107,473
107,285
107,414
108,259
108,150
108,775
108,139
108,278
108,152
108,154
108,325
108,329
108,336
108,602
108,226
108,489
108,623
108,117
108,502
108,119
109,897
109,578
109,153
109,155
109,545
109,419
109,932
109,680
109,573
109,322
109,967
109,465
109,727
109,728
109,860
109,996
109,620
109,749
109,113
109,380
110,384
110,672
110,484
110,773
110,742
110,329
110,973
110,610
110,697
110,207
110,624
110,597
110,633
110,548
110,475
110,933
111,384
111,899
111,161
111,974
111,461
111,430
111,973
111,720
111,305
111,341
111,503
111,661
112,704
112,516
112,677
112,902
112,231
112,169
112,487
112,460
112,905
112,947
112,884
112,149
112,982
112,247
112,740
112,201
112,796
112,474
112,670
113,640
113,516
113,645
113,833
113,140
113,912
113,151
113,797
113,347
113,165
113,809
113,428
113,320
113,193
113,964
113,967
113,328
113,591
113,859
113,614
113,623
113,634
114,644
114,392
114,652
114,913
114,772
114,416
114,165
114,297
114,557
114,441
114,445
114,190
114,452
114,984
114,582
114,328
114,842
114,974
114,343
114,472
114,219
114,607
114,736
114,226
114,614
114,359
114,363
114,628
114,121
114,508
114,509
115,718
115,481
115,548
115,966
115,487
115,200
115,905
115,170
115,299
115,270
115,271
115,784
115,337
115,117
115,662
115,856
115,953
115,506
115,287
116,900
116,649
116,778
116,523
116,652
116,279
116,796
116,289
116,930
116,368
116,312
116,592
116,467
116,342
116,250
116,615
116,240
116,761
116,378
116,251
116,253
117,879
117,421
117,966
117,999
117,604
117,238
117,788
117,273
117,754
117,372
117,750
117,278
117,729
117,344
117,249
117,571
117,444
117,799
118,224
118,964
118,773
118,552
118,553
118,619
118,236
118,397
118,333
118,625
118,690
118,597
118,279
118,728
118,378
118,975
118,831
119,944
119,962
119,598
119,550
119,681
119,175
119,726
119,986
119,466
119,310
119,660
119,346
119,586
120,800
120,930
120,995
120,926
120,199
120,776
120,363
120,525
120,669
120,274
120,917
120,920
120,314
120,732
120,573
120,798
120,671
121,929
121,771
121,933
121,198
121,423
121,519
121,252
121,439
121,365
121,660
121,233
121,472
121,665
121,934
121,283
121,124
122,192
122,193
122,427
122,897
122,392
122,508
122,391
122,679
122,911
122,851
122,150
122,809
122,410
122,603
122,957
122,543
123,265
123,400
123,922
123,796
123,798
123,292
123,552
123,938
123,172
123,178
123,328
123,718
123,722
123,340
123,214
123,604
123,223
123,912
123,483
123,741
123,870
123,743
123,490
123,999
123,755
123,632
124,640
124,142
124,274
124,808
124,178
124,969
124,574
124,839
124,332
124,970
124,503
124,844
124,726
124,988
124,229
124,359
124,750
124,887
124,889
124,634
125,688
125,868
125,705
125,456
125,523
125,946
125,304
125,785
125,914
125,953
125,856
125,729
125,730
125,764
125,829
125,126
125,447
126,512
126,904
126,394
126,173
126,279
126,796
126,304
126,813
126,816
126,433
126,946
126,819
126,317
126,447
126,198
126,716
126,717
126,221
126,616
126,375
126,248
127,797
127,135
127,925
127,455
127,743
127,759
127,275
127,500
127,247
127,632
127,441
127,701
128,609
128,355
128,295
128,649
128,140
128,653
128,911
128,753
128,242
128,787
128,308
128,436
128,915
128,981
129,395
129,528
129,657
129,914
129,405
129,536
129,924
129,161
129,676
129,936
129,668
129,300
129,174
129,314
129,319
129,718
129,851
129,855
129,604
129,990
129,490
129,752
130,342
130,870
130,945
130,232
130,502
130,650
130,589
130,662
130,973
130,657
130,533
130,667
130,445
130,734
130,133
131,900
131,901
131,904
131,786
131,916
131,407
131,793
131,542
131,544
131,170
131,174
131,175
131,438
131,187
131,965
131,203
131,460
131,209
131,338
131,227
131,488
131,250
132,897
132,900
132,778
132,782
132,785
132,838
132,170
132,811
132,941
132,175
132,439
132,185
132,320
132,326
132,584
132,204
132,594
132,910
132,866
132,227
132,613
132,874
132,850
132,624
132,754
132,376
133,513
133,395
133,525
133,407
133,157
133,286
133,799
133,167
133,300
133,698
133,571
133,940
133,653
133,599
133,858
133,865
133,998
133,615
133,232
133,876
133,887
133,761
134,769
134,267
134,792
134,162
134,560
134,821
134,955
134,828
134,838
134,592
134,979
134,598
134,984
134,347
134,606
134,497
134,630
134,247
135,868
135,165
135,481
135,328
135,999
135,525
135,557
135,953
135,916
135,254
135,567
135,152
135,409
135,541
135,190
136,803
136,422
136,362
136,843
136,914
136,174
136,239
136,401
136,274
136,789
136,824
136,986
136,399
136,573
136,735
137,800
137,289
137,896
137,747
137,548
137,897
137,359
137,331
137,205
137,718
137,898
137,953
137,212
137,951
137,823
137,536
137,697
137,602
137,382
137,639
138,887
138,866
138,363
138,261
138,231
138,968
138,330
138,141
138,365
138,400
138,689
138,627
138,791
138,152
138,538
138,475
138,751
138,963
138,223
139,256
139,830
139,388
139,357
139,230
139,552
139,937
139,714
139,990
139,989
139,656
139,584
139,595
139,852
139,821
139,633
139,925
139,286
140,388
140,780
140,141
140,788
140,153
140,802
140,295
140,168
140,810
140,171
140,950
140,841
140,570
140,576
140,585
140,349
140,495
140,379
140,382
141,273
141,345
141,808
141,683
141,429
141,563
141,181
141,829
141,203
141,977
141,722
141,468
141,601
141,221
141,754
141,886
141,507
142,960
142,897
142,900
142,420
142,326
142,360
142,329
142,616
142,469
142,310
142,826
142,797
142,190
143,608
143,449
143,423
143,744
143,938
143,522
143,551
143,429
143,906
143,815
143,990
143,698
143,443
143,444
143,445
143,926
143,997
144,800
144,196
144,264
144,811
144,749
144,206
144,976
144,872
144,302
144,885
144,836
144,537
144,542
144,443
144,957
144,414
144,799
145,385
145,930
145,356
145,165
145,395
145,591
145,211
145,244
145,553
145,820
145,410
145,794
145,318
146,939
146,645
146,263
146,396
146,283
146,425
146,775
146,306
146,817
146,178
146,437
146,438
146,569
146,447
146,963
146,839
146,719
146,592
146,722
146,857
146,603
146,868
146,747
146,368
146,370
147,896
147,387
147,393
147,919
147,163
147,551
147,939
147,812
147,558
147,944
147,438
147,699
147,191
147,960
147,327
147,970
147,976
147,340
147,423
147,499
148,644
148,903
148,296
148,782
148,912
148,881
148,306
148,947
148,436
148,695
148,860
148,381
149,987
149,624
149,579
149,582
149,232
149,958
149,333
149,718
149,365
149,819
149,917
149,985
149,186
149,607
149,858
149,638
149,191
150,965
150,602
150,342
150,520
150,957
150,529
150,852
150,922
150,214
150,183
150,440
150,345
150,635
150,709
151,608
151,475
151,485
151,390
151,745
151,729
151,492
151,749
151,270
151,463
151,665
151,376
151,657
151,538
151,347
151,701
152,643
152,900
152,275
152,416
152,548
152,933
152,297
152,821
152,182
152,568
152,700
152,447
152,706
152,840
152,203
152,722
152,731
152,991
152,356
152,998
152,498
152,250
153,266
153,782
153,276
153,157
153,288
153,163
153,165
153,558
153,817
153,946
153,181
153,697
153,501
153,582
153,973
153,654
153,629
154,587
154,579
154,391
154,652
154,363
154,269
154,752
154,209
154,242
154,435
154,212
154,727
154,537
154,730
154,818
155,193
155,717
155,612
155,165
155,647
155,170
155,395
155,367
155,839
155,372
155,597
155,329
155,500
155,765
156,354
156,835
156,742
156,710
156,424
156,233
156,546
156,621
156,208
156,595
156,563
156,276
156,405
156,553
156,920
156,410
156,802
156,444
157,512
157,343
157,782
157,911
157,784
157,537
157,291
157,813
157,584
157,441
157,186
157,448
157,961
157,962
157,326
157,199
157,200
157,714
157,204
157,718
157,471
157,474
157,604
157,493
158,897
158,875
158,983
158,231
158,803
158,296
158,694
158,159
158,461
158,465
158,469
158,343
158,729
158,740
158,871
158,359
158,246
158,893
158,638
159,448
159,896
159,387
159,329
159,332
159,179
159,372
159,534
159,186
159,191
160,961
160,898
160,741
160,647
160,872
160,519
160,784
160,881
160,756
160,309
160,537
161,897
161,524
161,270
161,407
161,281
161,927
161,176
161,179
161,820
161,822
161,695
161,963
161,709
161,327
161,975
161,982
161,605
161,233
161,633
161,509
162,653
162,864
162,896
162,387
162,293
162,972
162,202
162,694
162,205
162,656
162,984
162,980
162,349
162,727
162,888
162,303
162,394
163,393
163,781
163,270
163,473
163,674
163,679
163,937
163,938
163,432
163,308
163,325
163,217
163,223
163,225
163,354
163,485
163,233
163,619
163,492
163,498
163,503
164,416
164,864
164,699
164,689
164,840
164,361
164,171
164,396
164,365
164,879
164,656
164,209
164,916
164,999
164,980
164,347
165,390
165,924
165,903
165,559
165,947
165,821
165,714
165,330
165,461
165,336
165,378
166,321
166,290
166,291
166,388
166,197
166,730
166,620
166,578
166,592
166,786
166,387
166,506
166,667
166,253
166,702
167,624
167,603
167,379
167,667
167,838
167,529
167,553
167,682
167,462
167,207
167,240
167,456
167,402
167,660
167,566
167,841
167,506
167,187
167,549
168,608
168,546
168,675
168,391
168,780
168,458
168,263
168,653
168,595
168,757
168,886
168,803
169,720
169,483
169,324
169,325
169,679
169,493
169,751
169,434
169,691
169,822
169,737
169,254
169,479
170,384
170,768
170,531
170,921
170,286
170,417
170,548
170,179
170,182
170,823
170,314
170,700
170,958
170,970
170,204
170,718
170,728
170,987
170,868
170,572
170,879
170,628
171,320
171,672
171,387
171,999
171,457
171,177
171,181
171,471
171,442
171,925
171,981
172,768
172,263
172,264
172,538
172,796
172,799
172,546
172,677
172,294
172,808
172,681
172,300
172,694
172,194
172,326
172,329
172,461
172,227
172,857
172,991
172,492
172,884
172,760
173,262
173,780
173,435
173,400
173,405
173,794
173,669
173,927
173,289
173,807
173,681
173,810
173,556
173,303
173,691
173,959
173,960
173,713
173,850
173,980
173,986
173,506
173,751
173,762
174,641
174,790
174,923
174,413
174,837
174,931
174,300
174,813
174,306
174,437
174,310
174,189
174,450
174,182
174,711
174,587
174,972
174,470
174,740
174,606
174,610
174,612
174,487
175,481
175,610
175,822
175,329
175,740
175,983
175,777
175,873
175,179
175,596
175,438
175,996
175,799
176,952
176,293
176,620
176,567
176,343
176,492
176,206
176,353
176,369
176,180
176,277
176,563
176,311
176,408
176,724
176,475
176,702
177,898
177,264
177,962
177,495
177,926
177,563
177,694
177,834
177,707
177,580
177,841
177,588
177,727
177,729
177,610
177,367
177,370
177,245
177,382
178,644
178,777
178,525
178,271
178,917
178,772
178,409
178,538
178,539
178,668
178,295
178,553
178,684
178,693
178,706
178,979
178,860
178,221
178,606
178,871
178,242
178,501
178,380
179,648
179,972
179,397
179,597
179,976
179,339
179,756
179,181
179,822
179,442
179,924
180,449
180,290
180,907
180,971
180,518
180,807
180,924
180,746
180,651
180,770
180,654
180,210
180,756
180,846
180,950
180,663
180,698
180,348
181,778
181,270
181,403
181,550
181,425
181,689
181,440
181,825
181,573
181,965
181,967
181,843
181,212
181,225
181,362
181,378
181,251
181,381
182,342
182,907
182,401
182,409
182,795
182,773
182,802
182,710
182,295
182,936
182,559
182,564
182,834
182,582
182,719
182,210
182,470
182,986
182,348
182,889
182,634
182,637
182,766
183,640
183,427
183,645
183,648
183,524
183,201
183,668
183,286
183,544
183,555
183,688
183,306
183,211
183,343
183,728
183,861
183,865
183,232
183,936
183,630
184,352
184,737
184,515
184,420
184,615
184,392
184,644
184,825
184,588
184,525
184,592
184,370
184,499
184,708
184,633
184,185
184,283
185,608
185,669
185,194
185,229
185,296
185,428
185,322
185,431
185,208
185,978
185,589
185,726
185,537
185,249
185,286
186,514
186,391
186,522
186,531
186,792
186,282
186,924
186,797
186,693
186,191
186,968
186,458
186,730
186,493
186,497
186,757
186,508
186,767
187,513
187,614
187,649
187,423
187,301
187,959
187,692
187,478
187,696
187,730
187,443
187,865
187,890
187,382
187,773
188,859
188,385
188,259
188,484
188,305
188,298
188,491
188,397
188,526
188,749
188,401
188,562
188,403
188,910
188,985
188,408
188,708
188,900
188,443
189,396
189,286
189,671
189,800
189,930
189,935
189,296
189,429
189,433
189,436
189,569
189,316
189,970
189,458
189,331
189,972
189,735
189,995
189,356
189,744
189,617
189,752
189,371
189,762
189,383
190,898
190,521
190,401
190,920
190,421
190,681
190,947
190,193
190,198
190,454
190,331
190,720
190,859
190,549
190,736
190,242
190,499
190,937
191,778
191,897
191,386
191,867
191,390
191,714
191,636
191,713
191,842
191,397
191,493
191,625
191,434
191,918
191,471
191,348
191,557
192,268
192,529
192,914
192,670
192,934
192,813
192,816
192,817
192,437
192,698
192,445
192,703
192,328
192,980
192,856
192,949
192,735
192,483
192,252
192,639
193,833
193,612
193,488
193,650
193,744
193,624
193,884
193,342
193,572
194,608
194,993
194,517
194,924
194,970
194,459
194,206
194,337
194,853
194,636
194,981
195,257
195,419
195,517
195,609
195,396
195,367
195,916
195,881
195,850
195,212
195,469
195,993
195,445
195,285
195,702
195,351
196,640
196,514
196,772
196,395
196,654
196,783
196,661
196,535
196,408
196,795
196,547
196,556
196,815
196,584
196,563
196,456
196,462
196,591
196,782
196,748
196,495
196,753
196,501
197,865
197,674
197,894
197,903
197,860
197,489
197,717
197,876
197,301
197,333
197,912
197,307
197,372
197,661
197,911
197,604
197,606
197,703
198,387
198,516
198,780
198,899
198,939
198,442
198,956
198,652
198,333
198,846
198,461
198,208
198,342
198,357
198,880
198,247
198,252
198,524
199,224
199,363
199,337
199,808
199,521
199,599
199,301
199,654
199,589
199,209
199,782
199,598
199,535
199,249
199,751
199,892
200,787
200,407
200,418
200,292
200,552
200,432
200,820
200,695
200,700
200,710
200,336
200,912
200,356
200,748
200,495
200,240
200,627
200,758
200,887
200,379
201,521
201,929
201,294
201,703
201,448
201,965
201,599
201,601
201,605
201,481
201,744
201,745
201,763
202,739
202,241
202,652
202,813
202,337
202,335
202,722
202,243
202,212
202,725
202,803
202,826
202,703
203,769
203,265
203,515
203,409
203,429
203,825
203,571
203,829
203,582
203,842
203,460
203,981
203,727
203,756
203,505
203,638
204,896
204,901
204,270
204,788
204,417
204,291
204,292
204,550
204,302
204,303
204,948
204,956
204,833
204,215
204,600
204,987
204,991
204,866
204,616
204,750
204,624
205,289
205,836
205,321
205,866
205,977
205,621
205,336
205,881
205,400
205,916
205,528
205,751
205,445
206,390
206,218
206,304
206,774
206,303
206,948
206,565
206,694
206,310
206,720
206,338
206,724
206,606
206,976
206,497
206,883
206,249
206,766
207,640
207,290
207,491
207,391
207,781
207,869
207,626
207,467
207,372
207,533
207,215
207,587
207,293
207,348
208,640
208,641
208,263
208,274
208,406
208,938
208,299
208,431
208,314
208,577
208,451
208,324
208,977
208,724
208,343
208,616
208,617
208,762
208,254
209,524
209,534
209,667
209,542
209,674
209,428
209,560
209,690
209,831
209,706
209,844
209,718
209,336
209,597
209,733
209,366
209,884
210,514
210,451
210,708
210,569
210,712
210,777
210,298
210,587
210,365
210,879
210,688
210,757
210,313
210,249
211,898
211,387
211,912
211,660
211,918
211,281
211,548
211,552
211,314
211,720
211,337
211,804
211,474
211,479
211,872
211,752
211,882
211,404
212,386
212,771
212,266
212,270
212,686
212,434
212,265
212,714
212,844
212,974
212,847
212,465
212,850
212,526
212,226
212,445
212,243
212,635
212,893
213,705
213,323
213,324
213,647
213,329
213,740
213,818
213,277
213,697
213,507
213,572
213,533
214,576
214,669
214,836
214,741
214,646
214,839
214,264
214,541
214,720
214,436
214,565
214,471
214,761
214,965
214,347
214,458
214,869
215,416
215,994
215,579
215,711
215,393
215,743
215,366
215,784
215,561
215,741
215,302
215,502
215,869
215,824
215,282
215,986
215,926
215,686
216,973
216,801
216,834
216,261
216,857
216,713
216,663
216,462
216,984
216,435
216,982
216,633
216,280
216,484
216,930
217,610
217,547
217,327
217,711
217,674
217,973
217,775
217,760
217,402
218,546
218,260
218,453
218,870
218,572
218,875
218,605
218,760
218,476
218,798
219,642
219,355
219,549
219,872
219,268
219,786
219,877
219,341
219,244
219,468
220,934
220,503
220,805
220,838
220,321
220,359
220,918
220,246
220,279
220,404
220,705
220,827
220,954
220,833
221,484
221,321
221,668
221,924
221,225
221,622
221,496
221,566
221,760
221,570
221,795
221,508
221,735
222,322
222,420
222,262
222,423
222,649
222,490
222,961
222,716
222,674
222,559
222,848
222,545
222,441
222,880
223,770
223,772
223,837
223,617
223,683
223,492
223,237
223,593
223,996
223,835
223,926
223,575
223,509
223,350
223,479
224,801
224,487
224,270
224,807
224,369
224,497
224,853
224,246
224,249
224,671
225,718
225,839
225,488
225,867
225,691
225,429
225,366
225,720
225,547
225,931
225,419
225,346
225,411
225,410
226,514
226,903
226,650
226,788
226,279
226,920
226,802
226,549
226,678
226,881
226,553
226,522
226,961
226,710
226,466
226,859
226,351
226,490
226,365
226,369
226,874
226,383
227,780
227,783
227,785
227,662
227,411
227,926
227,543
227,676
227,678
227,679
227,820
227,437
227,415
227,963
227,708
227,327
227,972
227,602
227,527
227,349
227,864
227,254
228,387
228,389
228,518
228,266
228,781
228,515
228,282
228,672
228,802
228,941
228,430
228,303
228,433
228,695
228,955
228,318
228,842
228,847
228,981
228,726
228,734
228,863
228,364
228,627
228,507
229,783
229,897
229,923
229,601
229,459
229,364
229,301
229,494
229,527
229,981
229,789
229,407
229,664
229,916
229,687
229,957
229,725
230,257
230,421
230,321
230,264
230,795
230,331
230,400
230,465
230,437
230,677
230,601
230,345
230,602
230,539
230,645
231,768
231,321
231,554
231,422
231,296
231,233
231,946
231,723
231,468
231,414
231,791
231,345
231,895
231,735
232,640
232,262
232,401
232,786
232,921
232,795
232,684
232,813
232,948
232,956
232,832
232,462
232,463
232,723
232,597
232,870
232,878
232,242
232,374
232,248
232,379
232,383
233,517
233,390
233,393
233,526
233,549
233,300
233,436
233,589
233,851
233,726
233,344
233,857
233,866
233,878
233,752
233,249
234,640
234,482
234,451
234,932
234,417
234,968
234,458
234,908
234,238
234,784
234,529
234,978
234,867
234,276
234,545
234,278
234,343
235,640
235,804
235,694
235,903
235,300
235,749
235,500
235,821
235,887
235,409
235,634
235,607
236,832
236,715
236,864
236,808
236,732
236,459
236,396
236,783
236,724
236,792
236,505
236,346
237,918
237,777
237,332
237,921
237,566
237,819
237,984
237,633
237,831
237,412
237,446
238,512
238,866
238,347
238,520
238,812
238,621
238,305
238,274
238,467
238,643
238,917
238,570
238,882
239,305
239,776
239,904
239,675
239,262
239,812
239,301
239,947
239,460
239,337
239,595
239,983
239,728
239,477
239,355
239,742
239,496
239,381
240,514
240,270
240,936
240,499
240,441
240,701
240,704
240,468
240,870
240,620
240,626
240,883
241,419
241,297
241,439
241,845
241,334
241,877
241,499
241,345
241,696
241,351
242,480
242,803
242,582
242,779
242,754
242,845
242,776
242,760
242,249
243,729
243,546
243,865
243,808
243,463
243,432
243,547
243,323
243,566
243,535
243,660
243,474
243,879
243,477
244,611
244,294
244,648
244,939
244,654
244,954
244,408
244,442
244,892
244,317
245,835
245,790
245,838
245,329
245,247
245,940
245,749
245,909
245,978
245,692
245,756
245,406
245,375
245,473
246,733
246,643
246,651
246,805
246,743
246,267
246,653
246,655
246,880
246,307
246,532
246,747
246,787
246,413
246,885
247,866
247,548
247,456
247,331
247,655
247,773
247,544
247,375
247,901
247,409
247,656
247,284
248,952
248,609
248,834
248,465
248,269
248,701
248,723
248,308
248,885
248,440
248,468
248,783
248,349
249,270
249,655
249,287
249,806
249,551
249,682
249,305
249,311
249,445
249,448
249,968
249,333
249,469
249,473
249,875
249,893
250,256
250,729
250,920
250,531
250,663
250,795
250,581
250,544
250,291
250,420
250,287
250,305
250,309
250,440
250,826
250,315
250,317
250,580
250,453
250,326
250,856
250,676
250,351
250,510
251,707
251,676
251,837
251,262
251,487
251,780
251,430
251,368
251,658
251,915
251,568
251,345
251,831
251,541
251,671
252,480
252,739
252,676
252,294
252,392
252,649
252,586
252,817
252,924
252,821
252,378
252,795
253,352
253,289
253,708
253,970
253,491
253,588
253,386
253,418
253,338
253,470
253,919
253,738
253,956
253,766
254,276
254,661
254,799
254,802
254,775
254,434
254,693
254,314
254,318
254,949
254,967
254,329
254,336
254,889
254,860
254,991
254,749
254,633
254,762
255,704
255,614
255,327
255,780
255,775
255,332
255,558
255,885
255,438
255,409
256,576
256,417
256,611
256,838
256,967
256,329
256,857
256,591
256,433
256,947
256,535
256,452
256,477
257,897
257,641
257,539
257,677
257,301
257,562
257,692
257,954
257,827
257,828
257,580
257,980
257,505
257,987
257,477
257,865
257,995
257,363
257,749
257,888
258,864
258,321
258,356
258,361
258,490
258,535
258,524
258,301
258,876
258,829
258,417
258,812
258,617
258,343
258,344
258,954
258,380
258,381
258,849
258,959
259,576
259,336
259,960
259,864
259,457
259,942
259,722
259,307
259,568
259,831
259,734
259,767
260,780
260,655
260,657
260,788
260,277
260,286
260,800
260,936
260,428
260,707
260,964
260,327
260,459
260,973
260,978
260,633
260,600
260,877
260,755
260,761
260,762
261,544
261,738
261,355
261,774
261,710
261,423
261,520
261,809
261,460
261,930
261,624
261,629
261,764
261,426
261,981
262,267
262,655
262,921
262,541
262,672
262,419
262,296
262,297
262,306
262,308
262,440
262,928
262,460
262,725
262,610
263,539
263,976
263,706
263,451
263,557
263,750
263,632
263,867
263,658
263,793
263,408
263,722
263,315
263,604
264,963
264,484
264,746
264,619
264,876
264,276
264,343
264,682
265,580
265,959
265,715
265,617
265,366
265,946
265,403
265,558
265,969
265,984
265,377
265,554
265,735
266,322
266,891
266,677
266,388
266,299
266,802
266,527
266,378
266,639
266,734
266,287
267,627
267,515
267,657
267,778
267,582
267,614
267,694
267,337
267,338
267,371
267,869
267,376
267,730
267,707
267,541
267,574
267,357
268,387
268,799
268,296
268,813
268,705
268,838
268,845
268,717
268,348
268,346
268,860
268,605
268,608
268,992
268,622
268,751
268,755
268,629
269,515
269,646
269,753
269,780
269,559
269,848
269,754
269,532
269,278
269,756
269,943
269,604
269,925
269,670
270,516
270,773
270,774
270,906
270,669
270,943
270,950
270,842
270,590
270,350
270,351
270,354
270,890
270,763
270,380
270,381
270,383
271,400
271,708
271,391
271,456
271,329
271,535
271,937
271,368
271,936
271,723
271,503
271,631
271,804
271,858
271,915
271,836
272,420
272,910
272,647
272,681
272,715
272,812
272,813
272,430
272,658
272,579
272,659
272,504
272,388
272,850
272,894
273,640
273,742
273,718
273,487
273,808
273,716
273,556
273,334
273,925
273,596
273,601
273,281
273,924
273,509
274,579
274,667
274,551
274,560
274,561
274,308
274,822
274,569
274,699
274,703
274,840
274,717
274,596
274,472
274,986
274,488
274,362
275,899
275,652
275,407
275,442
275,701
275,446
275,960
275,838
275,328
275,465
275,723
275,724
275,727
275,857
275,349
275,739
275,593
275,627
275,630
276,448
276,512
276,773
276,646
276,833
276,905
276,465
276,339
276,759
276,893
277,592
277,295
277,296
277,860
277,971
277,386
277,749
277,915
277,791
277,751
277,828
278,646
278,394
278,789
278,670
278,671
278,676
278,806
278,301
278,817
278,414
278,951
278,720
278,851
278,476
278,610
278,887
278,376
279,524
279,398
279,749
279,530
279,916
279,661
279,921
279,537
279,925
279,675
279,422
279,732
279,305
279,565
279,658
279,954
279,461
279,350
279,351
279,613
279,491
279,365
279,809
280,506
280,901
280,742
280,833
280,872
280,906
280,922
280,911
280,499
280,990
280,567
280,410
280,381
280,862
281,704
281,866
281,547
281,481
281,649
281,583
281,367
281,336
281,675
281,918
281,824
281,987
282,769
282,779
282,834
282,785
282,423
282,300
282,816
282,438
282,448
282,961
282,322
282,523
282,969
282,478
282,751
282,754
282,636
283,416
283,896
283,994
283,483
283,297
283,876
283,722
283,908
283,629
283,681
283,347
284,831
284,322
284,516
284,517
284,550
284,648
284,649
284,631
284,652
284,738
284,882
284,593
284,498
284,767
284,601
284,763
284,316
284,605
284,709
285,880
285,809
285,876
285,589
285,464
285,851
285,308
285,878
285,471
285,600
285,346
286,947
286,296
286,755
286,703
286,456
286,716
286,589
286,825
286,367
286,371
286,761
286,507
286,381
286,638
287,448
287,480
287,928
287,356
287,794
287,682
287,365
287,401
287,761
287,824
287,955
287,830
288,855
288,780
288,666
288,794
288,932
288,554
288,693
288,313
288,699
288,320
288,968
288,458
288,727
288,602
288,732
288,991
288,737
288,496
288,374
288,504
289,701
289,854
289,518
289,358
289,582
289,561
289,694
289,361
289,948
289,634
289,411
289,700
289,543
290,418
290,539
290,455
290,808
290,746
290,429
290,335
290,658
290,803
290,877
290,468
290,399
290,964
290,478
291,653
291,893
291,744
291,523
291,333
291,431
291,722
291,706
291,921
291,597
292,336
292,644
292,549
292,679
292,649
292,426
292,935
292,369
292,712
292,841
292,682
292,709
293,651
293,653
293,785
293,664
293,923
293,816
293,808
293,692
293,313
293,442
293,838
293,456
293,844
293,722
293,602
293,860
293,993
293,739
293,359
293,361
293,751
294,898
294,659
294,664
294,544
294,681
294,574
294,320
294,453
294,712
294,590
294,847
294,728
294,473
294,474
294,353
294,354
294,359
295,609
295,899
295,633
295,983
295,386
295,494
295,911
295,392
295,371
295,659
295,801
296,521
296,656
296,410
296,667
296,936
296,683
296,559
296,649
296,573
296,833
296,577
296,581
296,588
296,463
296,982
296,857
296,350
296,992
296,353
296,749
296,383
297,776
297,780
297,912
297,451
297,676
297,819
297,955
297,448
297,833
297,967
297,850
297,852
297,470
297,996
297,860
297,606
297,868
297,623
297,370
297,628
297,762
298,609
298,422
298,999
298,968
298,604
298,873
298,976
298,697
298,409
299,608
299,676
299,389
299,374
299,842
300,774
300,936
300,618
300,684
300,691
300,558
300,856
300,380
300,349
300,693
301,393
301,911
301,788
301,661
301,923
301,412
301,682
301,702
301,448
301,713
301,717
301,723
301,348
301,872
302,356
302,357
302,873
302,330
302,308
302,886
302,728
302,377
302,474
302,796
302,925
302,507
303,811
303,613
303,904
303,460
303,920
303,373
303,713
303,664
303,666
303,558
303,957
304,384
304,727
304,416
304,549
304,678
304,946
304,820
304,693
304,311
304,955
304,466
304,343
304,864
304,487
304,359
304,498
304,501
305,518
305,911
305,541
305,805
305,679
305,809
305,432
305,935
305,822
305,439
305,449
305,713
305,970
305,715
305,730
305,956
305,363
305,620
306,353
306,418
306,959
306,712
306,461
306,784
306,406
306,376
306,729
306,699
306,639
307,548
307,934
307,487
307,531
307,440
307,965
307,979
307,613
308,401
308,412
308,849
308,545
308,427
308,813
308,559
308,432
308,567
308,954
308,330
308,987
308,609
308,486
308,657
308,618
308,369
308,506
309,506
309,738
309,355
309,829
309,689
309,777
309,370
309,335
309,992
309,561
309,820
309,789
309,694
309,393
309,314
309,818
310,771
310,855
310,783
310,533
310,665
310,542
310,326
310,311
310,571
310,447
310,454
310,968
310,718
310,336
310,343
310,858
310,677
310,486
310,875
310,634
311,928
311,388
311,374
311,999
311,909
311,546
311,366
311,621
311,854
311,373
311,868
311,760
311,924
311,798
312,514
312,518
312,521
312,729
312,780
312,653
312,658
312,661
312,928
312,430
312,436
312,953
312,608
312,583
312,592
312,851
312,470
312,345
312,613
312,615
312,364
312,627
312,381
313,955
313,390
313,903
313,520
313,393
313,690
313,462
313,973
313,880
313,920
313,823
313,408
313,569
313,411
314,776
314,408
314,925
314,671
314,636
314,546
314,676
314,947
314,699
314,318
314,584
314,860
314,606
314,361
314,623
314,764
314,382
315,576
315,905
315,391
315,622
316,450
316,927
316,487
316,714
316,796
316,682
316,514
316,728
316,850
316,968
316,853
316,937
316,535
316,507
316,849
316,607
317,960
317,894
317,715
317,760
317,337
317,798
317,758
317,632
317,541
318,962
318,829
318,453
318,966
318,529
318,584
318,925
318,428
318,815
318,499
318,629
318,689
318,767
318,442
318,581
319,640
319,386
319,785
319,406
319,663
319,792
319,794
319,546
319,933
319,807
319,431
319,701
319,579
319,584
319,970
319,336
319,536
319,379
320,899
320,523
320,399
320,785
320,531
320,795
320,798
320,421
320,947
320,564
320,823
320,692
320,586
320,486
320,746
320,883
320,503
321,388
321,903
321,777
321,906
321,928
321,520
321,694
321,829
321,876
321,494
321,374
321,764
322,936
322,583
322,904
322,839
322,589
322,400
322,625
322,402
322,794
322,350
322,849
322,426
323,577
323,579
323,806
323,705
323,328
323,329
323,845
323,753
323,978
323,470
323,849
323,929
323,350
323,341
324,512
324,784
324,354
324,333
324,892
324,655
324,436
324,408
324,514
324,540
325,391
325,652
325,660
325,537
325,833
325,705
325,327
325,457
325,332
325,466
325,987
325,477
325,828
325,366
325,624
325,374
326,416
326,738
326,666
326,524
326,458
326,365
326,528
326,661
326,727
326,955
326,510
326,543
327,807
327,524
327,797
327,851
327,404
327,437
327,823
327,543
327,346
327,605
328,900
328,656
328,786
328,625
328,941
328,948
328,437
328,569
328,565
328,839
328,336
328,595
328,987
328,736
328,997
328,360
328,467
328,763
329,904
329,940
329,878
329,549
329,551
329,943
329,735
329,703
329,968
329,591
329,677
329,766
329,611
329,998
329,614
329,507
330,768
330,898
330,911
330,405
330,925
330,414
330,428
330,813
330,822
330,970
330,715
330,844
330,596
330,621
330,374
330,638
331,920
331,798
331,802
331,806
331,938
331,444
331,970
331,962
331,971
331,585
331,586
331,591
331,347
331,989
331,609
331,620
331,759
331,810
332,640
332,898
332,393
332,707
332,404
332,681
332,827
332,994
332,725
332,985
332,346
332,993
332,738
332,355
332,620
332,375
333,768
333,513
333,488
333,556
333,716
333,779
333,460
333,367
333,435
333,376
333,511
334,897
334,514
334,580
334,700
334,747
334,954
334,655
334,560
334,973
334,980
334,566
334,377
334,602
334,463
334,572
334,381
335,896
335,929
335,680
335,939
335,941
335,526
335,752
335,808
335,438
335,793
335,441
335,444
335,702
336,662
336,675
336,678
336,429
336,569
336,608
336,841
336,480
336,353
336,356
336,454
336,877
336,757
337,797
337,774
337,454
337,845
337,853
337,982
337,606
337,610
337,746
337,621
337,625
337,891
337,767
338,480
338,354
338,740
338,994
338,802
338,943
338,657
338,910
338,640
338,412
338,784
339,384
339,353
339,659
339,493
339,786
339,469
339,410
339,986
340,578
340,987
340,680
340,780
340,631
340,663
340,366
340,853
340,593
340,622
340,693
340,567
340,697
340,382
340,351
341,353
341,912
341,487
341,364
341,791
341,871
341,673
341,974
341,473
341,888
341,828
341,663
342,530
342,663
342,710
342,566
342,443
342,837
342,845
342,590
342,592
342,850
342,838
342,603
342,478
342,614
342,505
342,639
342,767
343,401
343,810
343,827
343,833
343,968
343,716
343,481
343,493
343,623
343,628
343,661
344,673
344,943
344,913
344,488
344,747
344,559
344,849
344,883
344,857
344,922
344,911
344,830
345,800
345,912
345,451
345,424
345,737
345,464
345,870
345,505
345,991
345,382
345,816
346,385
346,775
346,650
346,781
346,918
346,542
346,678
346,683
346,684
346,691
346,437
346,950
346,522
346,835
346,483
346,630
346,506
347,513
347,587
347,806
347,354
347,941
347,803
347,398
347,612
347,604
347,478
348,588
348,387
348,957
348,552
348,457
348,394
348,558
348,720
348,530
348,821
348,585
348,468
348,493
348,413
349,929
349,517
349,486
349,990
349,714
349,946
349,693
349,723
349,695
349,795
349,956
349,524
350,706
350,707
350,916
350,406
350,663
350,925
350,423
350,824
350,827
350,572
350,841
350,611
350,613
350,680
350,892
351,532
351,539
351,682
351,819
351,443
351,726
351,471
351,859
351,614
351,763
351,637
352,416
352,385
352,862
352,963
352,571
352,513
352,936
352,587
352,687
352,595
352,675
352,918
352,885
352,660
352,415
352,478
353,738
353,390
353,849
353,745
353,710
353,662
353,956
353,629
354,773
354,777
354,403
354,678
354,683
354,841
354,714
354,846
354,867
354,355
354,488
354,492
354,915
354,632
354,891
355,641
355,643
355,522
355,914
355,930
355,551
355,555
355,440
355,698
355,575
355,960
355,453
355,454
355,843
355,753
356,517
356,795
356,808
356,815
356,949
356,441
356,836
356,454
356,589
356,721
356,724
356,866
356,361
356,631
356,511
357,871
357,449
357,711
357,657
357,458
357,716
357,547
357,504
357,442
357,767
357,671
358,451
358,420
358,801
358,906
358,907
358,803
358,725
358,990
359,394
359,539
359,925
359,423
359,561
359,587
359,891
359,743
359,371
359,374
359,660
359,635
360,387
360,657
360,927
360,809
360,944
360,561
360,696
360,960
360,864
360,962
360,850
360,475
360,861
360,995
360,722
361,901
361,524
361,931
361,422
361,681
361,435
361,825
361,673
361,504
361,594
361,597
361,442
361,992
361,375
361,888
362,512
362,833
362,866
362,550
362,427
362,556
362,883
362,398
362,632
362,411
362,671
362,597
363,709
363,434
363,526
363,562
363,564
363,622
363,788
363,934
363,657
363,699
363,554
363,966
364,521
364,651
364,401
364,402
364,411
364,700
364,584
364,503
364,463
364,861
364,478
364,608
364,739
364,490
364,751
364,497
364,886
364,631
364,382
365,524
365,905
365,826
365,575
365,449
365,580
365,720
365,849
365,499
366,930
366,993
366,487
366,461
366,775
366,497
366,417
366,423
366,606
366,383
367,768
367,651
367,526
367,783
367,926
367,417
367,806
367,949
367,843
367,845
367,739
367,997
367,635
368,801
368,962
368,841
368,938
368,871
368,877
368,436
368,662
368,600
368,957
368,926
368,479
369,651
369,780
369,654
369,658
369,787
369,797
369,671
369,580
369,716
369,994
369,724
369,867
369,494
369,886
370,907
370,538
370,807
370,814
370,733
370,944
370,692
370,965
370,978
370,817
370,868
371,896
371,742
371,936
371,938
371,829
371,807
371,806
371,564
371,461
371,773
372,416
372,603
372,475
372,580
372,753
372,425
372,642
372,529
372,611
372,536
372,866
372,542
373,827
373,580
373,837
373,679
373,584
373,553
373,688
373,904
373,562
373,917
373,730
373,379
373,890
374,899
374,404
374,917
374,670
374,688
374,832
374,454
374,714
374,465
374,488
374,756
374,763
375,448
375,525
375,801
375,546
375,688
375,434
375,567
375,568
375,571
375,843
375,722
375,729
375,477
375,479
375,486
376,813
376,967
376,873
376,792
376,655
376,760
376,531
376,568
376,702
376,831
377,802
377,483
377,393
377,554
377,557
377,657
377,756
377,534
377,527
377,637
377,621
378,674
378,779
378,462
378,850
378,820
378,440
378,782
378,927
379,960
379,609
379,902
379,700
379,583
379,686
379,847
379,562
379,948
379,823
379,745
379,891
379,510
380,880
380,451
380,781
380,454
380,817
380,555
380,655
380,466
380,786
380,947
380,809
380,907
380,873
381,643
381,904
381,777
381,524
381,525
381,529
381,939
381,558
381,706
381,842
381,974
381,855
381,864
381,483
381,749
381,498
381,883
382,896
382,961
382,963
382,997
382,872
382,429
382,622
382,847
382,982
382,841
382,762
383,548
383,666
383,760
383,658
383,691
383,526
383,479
384,608
384,737
384,964
384,976
384,744
384,405
384,986
384,847
384,860
384,894
384,639
385,547
385,965
385,551
385,552
385,845
385,899
385,952
385,608
385,575
385,986
385,479
386,663
386,791
386,414
386,799
386,673
386,421
386,568
386,849
386,595
386,597
386,735
386,625
386,467
386,889
386,764
387,422
387,461
387,717
387,980
387,471
387,522
387,458
388,704
388,612
388,993
388,616
388,969
388,980
388,428
389,395
389,454
389,588
389,815
389,599
389,696
389,729
389,638
390,731
390,998
390,763
390,911
390,840
390,552
390,722
390,954
391,520
391,817
391,427
391,397
391,401
391,979
391,469
391,949
391,575
392,545
392,482
392,516
392,892
392,491
392,769
392,718
392,751
392,803
392,822
392,727
392,975
392,967
392,926
393,644
393,429
393,409
393,542
393,957
393,447
393,841
393,461
393,465
393,596
393,949
393,859
393,813
393,488
393,874
393,881
393,489
393,760
394,779
394,548
394,812
394,781
394,432
394,818
394,871
394,564
394,789
394,919
394,641
394,705
394,931
395,512
395,519
395,911
395,402
395,787
395,838
395,967
395,814
395,821
395,574
395,481
396,705
396,485
396,865
396,908
396,733
396,400
396,817
396,467
396,643
396,949
396,407
396,536
396,819
396,795
396,828
397,811
397,901
397,424
397,732
397,941
397,532
397,903
397,667
398,641
398,457
398,687
398,976
398,823
398,850
398,436
398,501
398,692
398,570
399,771
399,869
399,586
399,812
399,941
399,623
399,835
399,404
399,533
399,886
399,407
399,724
399,795
399,565
400,673
400,859
400,883
400,652
400,913
400,563
400,630
400,875
400,762
400,517
401,525
401,405
401,792
401,417
401,678
401,956
401,434
401,777
401,960
401,711
401,456
401,588
401,805
401,482
401,620
401,877
401,872
401,884
402,527
402,661
402,665
402,415
402,554
402,556
402,558
402,945
402,951
402,457
402,974
402,592
402,464
402,996
402,623
402,894
403,899
403,516
403,654
403,983
403,597
404,576
404,577
404,810
404,715
404,704
404,859
405,704
405,835
405,994
405,881
405,464
405,629
405,731
406,990
406,681
406,622
406,629
406,753
406,500
406,670
406,852
406,604
407,912
407,901
407,551
407,682
407,436
407,572
407,709
407,460
407,974
407,594
407,746
407,679
408,673
408,419
408,453
408,966
408,873
408,907
408,892
408,847
408,969
408,854
408,887
408,856
408,475
409,905
409,910
409,527
409,786
409,557
409,689
409,579
409,842
409,856
409,861
409,993
409,487
410,544
410,836
410,618
410,536
410,939
410,532
410,886
410,862
411,556
411,882
411,980
411,641
412,611
412,855
412,531
412,435
412,981
412,754
412,665
412,574
412,751
413,459
413,996
413,837
413,774
413,456
413,652
413,941
413,847
413,496
413,946
413,675
413,599
413,879
413,573
413,927
414,691
414,912
414,550
414,617
414,874
414,437
414,697
414,827
414,746
415,549
415,945
415,424
415,746
415,744
415,495
415,616
415,626
415,855
415,955
415,859
415,956
416,660
416,665
416,671
416,544
416,564
416,572
416,578
416,845
416,590
416,465
416,846
416,727
416,856
416,609
416,892
417,456
417,683
417,557
417,632
417,705
417,475
417,510
418,608
418,704
418,739
418,585
418,946
418,757
418,889
418,444
418,766
418,511
419,776
419,795
419,676
419,424
419,860
419,953
419,570
419,574
419,737
419,587
419,593
419,468
419,469
419,604
419,863
419,745
419,757
419,631
419,762
420,897
420,898
420,931
420,425
420,826
420,846
420,465
420,858
420,732
420,615
420,622
420,957
420,760
420,635
421,448
421,645
421,514
421,784
421,531
421,836
421,540
421,673
421,546
421,426
421,939
421,812
421,685
421,562
421,449
421,580
421,715
421,974
421,476
421,477
421,607
421,622
421,886
422,644
422,615
422,520
422,914
422,499
422,755
422,547
422,606
422,991
423,777
423,661
423,534
423,800
423,813
423,559
423,700
423,479
423,995
423,875
423,502
423,635
423,892
424,800
424,482
424,516
424,966
424,841
424,953
424,786
424,468
424,663
424,948
424,429
425,773
425,935
425,648
425,489
425,811
425,460
425,531
425,438
425,745
426,862
426,620
426,881
426,466
426,916
426,437
426,729
426,895
427,840
427,617
427,779
427,975
427,497
427,628
427,532
427,891
427,858
427,830
428,775
428,912
428,787
428,670
428,679
428,938
428,570
428,700
428,456
428,980
428,853
428,881
428,608
428,875
428,620
428,495
428,882
428,637
429,848
429,653
429,917
429,827
429,704
429,587
429,709
429,838
429,481
429,840
429,599
429,870
429,879
429,755
430,512
430,960
430,706
430,805
430,903
430,842
430,437
430,886
430,633
430,501
431,877
431,678
431,519
431,737
431,715
431,589
431,932
431,655
431,561
431,464
431,956
431,701
432,705
432,994
432,520
432,860
432,592
432,884
432,764
432,510
433,896
433,660
433,790
433,792
433,948
433,566
433,451
433,452
433,839
433,840
433,842
433,463
433,722
433,723
433,474
433,607
433,999
433,467
434,529
434,782
434,856
434,758
434,536
434,891
434,893
435,769
435,706
435,453
435,913
435,728
435,553
435,699
435,837
436,961
436,923
436,567
436,714
436,535
436,980
436,445
436,626
436,509
436,796
437,875
437,708
437,665
437,668
437,690
437,826
437,579
437,452
437,483
437,980
437,881
437,807
437,497
437,629
438,521
438,782
438,785
438,535
438,537
438,554
438,813
438,832
438,961
438,582
438,585
438,591
438,738
438,893
438,752
438,810
439,960
439,545
439,977
439,774
439,932
439,668
439,971
439,988
439,990
439,804
439,737
439,540
439,637
439,702
440,996
440,614
440,999
440,696
440,838
440,869
441,923
441,796
441,914
441,767
442,459
442,623
442,938
442,827
442,591
442,968
442,709
442,447
442,647
443,512
443,545
443,642
443,683
443,805
443,978
443,809
443,651
443,844
443,816
443,595
443,467
443,468
443,605
444,827
444,892
444,803
444,660
444,477
445,896
445,902
445,903
445,659
445,663
445,927
445,450
445,587
445,462
445,463
445,730
445,868
445,758
445,759
446,960
446,617
446,599
446,716
446,622
446,566
446,503
446,927
446,703
447,739
447,602
447,454
447,583
447,958
447,843
447,696
447,723
447,999
447,505
447,478
447,693
448,521
448,795
448,669
448,672
448,808
448,818
448,957
448,702
448,579
448,459
448,728
448,830
448,633
449,579
449,484
449,966
449,743
449,488
449,969
449,973
449,903
449,557
449,995
449,822
449,632
449,785
450,779
450,740
450,709
450,488
450,700
450,780
450,887
450,870
450,823
450,857
450,763
450,869
451,791
451,674
451,654
451,689
451,574
452,640
452,899
452,580
452,970
452,651
452,886
452,792
452,570
453,640
453,516
453,652
453,813
453,798
453,880
453,685
453,695
453,576
453,739
453,871
453,619
453,624
454,808
454,967
454,587
454,976
454,875
454,621
454,627
454,759
455,803
455,934
455,680
455,748
455,627
455,917
455,535
455,991
455,892
456,513
456,641
456,940
456,631
456,524
456,836
456,691
456,822
456,929
456,593
456,729
456,759
457,769
457,656
457,977
457,854
457,702
458,523
458,677
458,683
458,694
458,823
458,963
458,566
458,461
458,936
458,725
458,984
458,473
458,742
458,880
458,881
458,634
459,652
459,661
459,665
459,799
459,929
459,806
459,954
459,836
459,720
459,979
459,476
459,570
459,479
459,507
460,912
460,796
460,740
460,916
460,978
460,692
460,696
460,884
460,591
460,471
461,641
461,780
461,658
461,537
461,545
461,825
461,586
461,846
461,722
461,866
461,484
461,891
461,639
462,538
462,582
462,682
462,567
462,958
462,575
462,838
462,980
462,479
462,992
462,484
462,753
462,505
462,894
462,511
463,906
463,654
463,784
463,926
463,927
463,938
463,579
463,838
463,977
463,860
463,740
463,493
463,758
463,763
464,642
464,845
464,650
464,853
464,781
464,494
464,566
464,759
464,654
464,702
465,652
465,985
465,665
465,930
465,812
465,816
465,572
465,992
465,886
465,940
465,974
465,976
465,854
465,729
465,864
465,871
466,960
466,561
466,567
466,750
466,983
466,857
466,798
467,591
467,582
467,987
467,973
467,950
467,761
467,734
467,731
468,737
468,518
468,746
468,603
468,669
468,488
468,717
468,634
469,674
469,938
469,652
469,847
469,945
469,699
470,770
470,676
470,979
470,830
470,606
471,896
471,521
471,555
471,940
471,942
471,586
471,714
471,981
471,862
471,612
471,500
471,506
471,764
472,927
472,860
472,747
472,876
472,533
472,663
472,890
472,799
472,732
472,757
473,903
473,532
473,798
473,673
473,549
473,682
473,695
473,724
473,475
473,874
473,764
473,490
474,960
474,721
474,646
474,737
474,716
474,975
474,980
474,823
474,592
474,666
474,688
475,926
475,935
475,681
475,684
475,947
475,575
475,961
475,588
475,591
475,995
475,988
475,863
475,483
475,873
475,553
476,960
476,592
476,546
476,843
476,711
476,730
476,553
476,620
476,759
476,689
476,887
476,585
476,745
476,737
477,642
477,834
477,706
477,544
477,630
477,623
478,896
478,780
478,985
478,666
478,693
478,597
478,601
478,604
478,866
478,870
478,878
478,625
478,888
478,763
479,936
479,554
479,604
479,735
479,809
479,878
479,756
480,757
480,547
480,618
480,586
480,527
480,984
480,611
480,884
480,853
480,983
480,771
480,731
480,605
480,926
481,642
481,492
481,909
481,546
481,551
481,513
481,948
481,833
481,966
481,585
481,592
481,850
481,983
481,856
481,602
481,748
481,891
482,768
482,577
482,715
482,851
482,951
482,952
482,506
482,987
482,764
482,669
483,488
483,729
483,555
483,793
483,657
483,690
483,859
484,738
484,579
484,550
484,875
484,940
484,624
484,758
484,939
485,546
485,932
485,551
485,968
485,976
485,686
485,758
485,504
485,985
485,506
485,540
485,894
486,929
486,514
486,960
486,869
486,998
486,519
486,730
486,637
486,945
486,754
486,500
486,602
486,997
487,643
487,910
487,946
487,695
487,951
487,845
487,719
487,722
487,602
487,861
487,991
487,612
487,746
487,630
487,504
487,638
488,554
488,551
488,607
489,680
489,520
489,627
489,952
489,986
489,895
489,796
489,956
489,581
490,515
490,869
490,646
490,990
490,727
490,686
490,973
490,784
490,788
490,782
490,665
490,852
490,668
491,669
491,507
491,553
491,521
491,535
491,907
491,972
491,755
491,630
491,793
491,826
492,901
492,554
492,813
492,654
492,981
492,690
492,563
492,980
492,757
492,505
492,965
492,667
493,768
493,650
493,807
493,555
493,694
493,954
493,852
493,987
493,612
493,620
493,877
494,768
494,579
494,868
494,783
494,941
494,718
494,723
494,790
494,505
494,539
494,925
495,576
495,588
495,987
495,773
495,749
495,502
495,759
495,921
495,573
496,672
496,644
496,581
496,876
496,830
496,867
496,729
496,697
496,506
496,655
496,719
497,553
497,714
497,687
497,693
497,531
497,662
497,599
497,767
497,991
497,638
497,510
498,992
498,865
498,932
498,966
498,715
498,810
498,523
498,944
498,626
498,515
498,755
498,505
499,803
499,809
499,663
499,911
499,937
499,698
499,735
500,994
500,709
500,817
500,558
500,829
500,593
500,774
500,504
500,505
500,826
500,605
501,643
501,529
501,533
501,669
501,542
501,562
501,711
501,724
501,654
501,984
501,988
501,617
501,876
501,889
501,893
502,577
502,602
502,797
502,766
503,706
503,529
503,754
503,981
503,985
503,857
504,745
504,914
504,886
504,635
505,544
505,706
505,611
505,960
505,822
505,786
505,973
505,854
506,802
506,939
506,564
506,844
506,599
506,608
506,510
507,606
507,973
507,557
507,879
507,739
507,787
507,697
507,698
507,541
507,629
508,739
508,868
508,889
508,631
508,812
508,629
508,879
508,792
508,899
508,788
508,535
508,696
508,820
508,655
509,608
509,651
509,973
509,622
509,624
509,915
509,920
510,770
510,643
510,646
510,522
510,672
510,807
510,556
510,685
510,824
510,973
510,847
510,725
510,599
510,859
510,891
510,998
510,622
510,892
510,981
511,549
511,945
511,940
511,794
511,858
511,943
511,788
511,757
511,790
511,969
511,730
511,731
511,958
512,774
512,780
512,662
512,671
512,832
512,955
512,704
512,977
512,730
512,741
512,755
512,757
513,775
513,791
513,645
513,689
513,821
513,704
513,582
513,910
513,866
513,997
513,754
513,767
514,646
514,956
514,980
514,722
514,527
514,788
514,974
514,765
515,724
515,752
515,899
515,594
515,791
515,892
515,868
516,788
516,815
516,948
516,735
516,957
516,839
516,721
516,978
516,863
516,620
516,624
516,885
517,604
517,832
517,961
517,808
517,999
517,717
517,974
517,732
517,662
517,600
517,859
518,975
518,580
518,822
518,681
518,890
518,540
518,986
518,574
518,543
519,781
519,977
519,626
519,564
519,949
519,889
519,527
519,957
519,709
520,845
520,753
520,947
520,884
520,951
521,788
521,799
521,810
521,821
521,697
521,863
521,970
521,714
521,846
521,721
521,607
521,624
521,625
522,900
522,717
522,659
522,921
522,760
522,601
523,741
523,806
523,732
523,986
523,902
523,905
523,982
523,541
524,899
524,535
524,794
524,942
524,559
524,953
524,955
524,970
524,846
524,734
524,995
524,765
525,641
525,651
525,588
525,939
525,637
525,661
525,918
525,837
526,799
526,831
526,929
526,913
526,671
526,689
526,579
526,533
526,713
526,825
526,683
526,893
527,865
527,761
527,597
527,976
527,771
528,930
528,616
528,943
528,977
528,626
528,995
528,630
528,796
529,610
529,644
529,748
529,839
529,556
529,797
529,826
529,597
530,804
530,839
530,776
530,649
530,951
530,942
530,976
530,661
531,743
531,807
531,758
531,817
531,755
531,661
531,599
531,767
531,830
532,835
532,963
532,821
532,665
532,687
533,799
533,833
533,591
533,943
533,616
533,969
533,658
533,723
533,631
534,799
534,610
534,776
534,883
534,977
534,898
534,559
534,885
534,755
534,751
535,660
535,661
535,662
535,806
535,937
535,841
535,573
535,713
535,846
535,720
535,550
536,838
536,873
536,816
536,905
536,854
536,823
536,792
536,857
536,859
537,960
537,724
537,614
537,679
537,668
537,714
537,726
537,604
538,896
538,770
538,993
538,646
538,615
538,776
538,619
538,941
538,968
538,889
539,551
539,690
539,719
539,851
539,585
539,988
540,893
540,579
540,647
540,935
540,974
540,661
540,676
540,847
540,995
540,637
541,989
541,714
541,558
541,701
541,749
541,627
541,693
541,739
541,657
542,791
542,793
542,602
542,943
542,629
542,716
542,722
542,731
542,992
542,764
542,637
543,804
543,859
543,651
543,941
543,758
543,720
543,593
543,871
543,894
543,630
543,599
543,667
544,906
544,652
544,953
544,660
544,894
544,613
545,547
545,836
545,646
545,999
545,876
545,766
545,598
545,628
545,666
545,735
546,768
546,664
546,813
546,690
546,819
546,565
546,587
546,983
546,857
546,862
546,763
547,778
547,785
547,708
547,927
547,672
547,936
547,694
547,703
547,706
547,950
547,713
547,860
547,741
547,748
547,882
548,747
548,653
548,786
548,800
548,685
548,952
548,965
548,841
548,557
548,995
548,875
548,885
548,761
549,642
549,651
549,668
549,695
549,576
549,837
549,712
549,722
549,606
549,737
549,613
549,753
550,794
550,672
550,942
550,689
550,562
550,952
550,949
550,964
550,967
550,970
550,996
550,862
550,611
550,882
550,756
551,908
551,922
551,926
551,968
551,562
551,700
551,593
551,851
551,598
551,746
552,672
552,610
552,827
552,708
552,773
552,962
552,910
552,626
552,659
553,782
553,808
553,556
553,558
553,799
553,576
553,590
553,594
553,728
553,621
554,909
554,802
554,819
554,822
554,840
554,589
554,723
554,596
554,601
554,623
554,886
554,758
554,760
555,769
555,962
555,581
555,649
555,727
555,943
555,756
555,822
555,762
555,858
556,647
556,657
556,927
556,946
556,588
556,739
556,743
556,880
556,884
557,902
557,774
557,942
557,622
557,889
557,633
557,640
558,774
558,803
558,839
558,964
558,583
558,712
558,590
558,976
558,850
558,986
558,864
558,610
558,620
558,621
559,578
559,747
559,687
559,624
559,853
559,771
559,661
559,717
559,829
559,741
560,762
560,681
560,656
560,888
560,860
560,730
560,703
561,651
561,655
561,707
561,815
561,796
561,799
561,883
561,692
561,822
561,579
561,950
561,839
561,970
561,973
561,592
561,607
561,994
561,765
561,627
561,963
561,618
561,766
562,868
562,653
562,627
562,728
563,721
563,838
563,615
563,712
563,719
563,793
563,656
563,925
564,964
564,907
564,580
564,695
564,824
564,696
564,601
564,769
565,871
565,746
565,620
565,610
565,688
565,857
565,638
566,752
566,798
566,894
566,966
566,937
566,653
566,606
566,885
566,819
566,753
566,575
567,870
567,999
567,839
567,797
567,901
568,737
568,919
568,647
568,840
568,781
568,721
568,852
568,949
568,916
568,697
568,570
569,640
569,611
569,999
569,843
569,878
569,819
569,951
569,890
569,818
570,930
570,742
570,582
570,931
570,955
570,595
570,748
570,735
571,834
571,619
571,612
571,710
571,846
571,888
571,667
571,885
572,578
572,699
572,796
573,710
573,715
573,979
573,697
573,894
574,793
574,801
574,688
574,992
574,720
574,980
574,855
574,736
574,869
574,873
574,885
574,852
575,608
575,906
575,901
575,821
575,876
575,977
575,622
575,983
575,703
575,894
576,854
576,667
576,751
576,837
576,672
576,945
576,690
576,949
576,694
576,957
576,984
576,610
576,624
576,950
576,761
577,837
577,891
577,621
577,590
577,975
577,913
577,979
577,884
577,859
577,606
578,992
578,834
578,591
579,899
579,783
579,823
579,721
579,876
580,773
580,648
580,793
580,809
580,682
580,970
580,589
580,735
580,873
580,878
580,757
581,992
581,971
581,620
581,783
581,758
581,852
581,596
581,863
582,787
582,916
582,681
582,718
582,854
582,985
582,731
582,868
582,661
583,832
583,959
583,869
583,646
583,971
583,970
583,631
583,588
583,802
583,979
583,693
583,601
583,698
583,910
583,957
584,742
584,602
584,970
584,694
584,633
584,664
585,832
585,928
585,932
585,741
585,930
585,883
585,884
585,727
586,919
586,798
586,674
586,806
586,938
586,816
586,945
586,633
586,977
586,604
586,989
586,889
586,764
587,788
587,929
587,826
587,833
587,868
587,869
588,760
588,939
588,876
589,742
589,842
589,983
589,932
590,869
590,903
590,650
591,679
591,682
591,955
591,606
591,867
591,868
591,657
591,633
591,661
592,919
592,801
592,802
592,646
592,945
592,825
592,726
592,857
592,996
592,997
592,890
592,639
593,899
593,776
593,669
593,948
593,975
593,675
593,727
593,992
593,999
593,619
593,765
594,998
594,970
594,878
594,720
594,657
594,691
594,670
594,600
594,851
594,860
594,638
595,768
595,905
595,803
595,805
595,949
595,705
595,907
595,965
595,996
595,871
595,872
596,663
596,841
596,791
596,627
596,982
596,633
596,677
597,901
597,912
597,674
597,826
597,701
597,702
597,978
597,981
597,610
597,616
597,880
598,736
598,899
598,644
598,741
598,969
598,879
598,753
598,885
598,825
598,730
598,911
598,606
599,662
599,681
599,828
599,886
599,838
599,604
599,659
599,630
599,762
600,864
600,720
600,815
600,717
600,719
600,838
600,698
600,636
600,670
600,927
601,983
601,717
601,726
601,625
601,813
601,959
601,901
602,840
602,707
602,836
602,849
602,978
602,878
602,754
603,688
603,866
603,909
603,890
603,813
603,655
603,753
603,659
603,665
603,778
604,912
604,916
604,801
604,804
604,647
604,991
604,769
604,714
604,838
604,846
604,865
605,613
605,781
605,718
605,753
605,958
605,820
605,830
605,837
606,667
606,647
606,823
606,717
606,853
606,731
606,749
606,636
607,644
607,873
607,890
607,925
607,853
608,785
608,801
608,816
608,832
608,851
608,729
608,890
608,612
608,613
608,873
608,637
608,680
608,763
609,793
609,925
609,927
609,947
609,950
609,799
609,830
609,722
609,875
609,883
609,885
609,890
610,782
610,811
610,965
610,839
610,865
610,616
610,879
611,771
611,828
611,679
611,650
611,889
611,946
611,924
611,733
612,967
612,923
612,621
612,721
612,622
612,921
612,702
612,629
613,899
613,669
613,747
613,660
613,709
614,847
614,763
614,630
614,806
614,648
614,937
614,655
614,919
614,671
614,966
615,775
615,655
615,752
615,870
615,982
615,921
615,922
616,771
616,934
616,872
616,781
616,660
616,920
616,953
616,733
617,739
617,773
617,897
617,988
617,802
617,661
617,903
617,830
617,930
617,767
617,834
618,705
618,928
618,687
618,944
618,633
618,991
619,841
619,925
619,822
619,677
620,904
620,905
620,906
620,926
620,950
620,718
620,854
620,986
620,913
620,882
621,744
621,632
621,932
621,981
622,642
622,657
622,712
622,713
622,845
622,985
622,766
622,758
623,876
623,973
623,697
623,688
624,775
625,647
625,798
625,927
625,823
625,829
625,964
625,709
625,841
625,991
625,870
625,633
626,643
626,771
626,958
626,704
626,981
626,727
626,719
626,881
626,637
627,843
627,774
627,848
627,807
627,889
627,794
627,927
628,706
628,710
628,754
628,848
628,787
628,979
628,857
628,705
628,834
628,914
629,810
629,781
629,894
630,648
630,919
630,797
630,925
630,697
630,928
630,842
630,719
630,656
630,759
631,842
631,967
631,817
631,691
631,635
632,837
632,802
632,743
632,812
632,750
632,989
632,878
632,919
632,826
632,914
633,916
633,842
633,716
633,729
633,860
634,864
634,807
634,889
634,824
634,825
634,986
634,810
635,939
635,680
635,955
635,819
635,729
635,943
635,761
636,673
636,713
636,877
636,944
636,745
637,906
637,910
637,665
637,667
637,682
637,939
637,837
637,723
637,870
638,702
638,923
638,644
638,975
639,771
639,999
639,844
639,750
639,719
639,852
639,987
639,670
640,645
640,652
640,915
640,810
640,816
640,702
640,705
640,849
640,829
640,703
641,644
641,652
641,796
641,682
641,812
641,840
641,705
641,997
641,757
642,868
642,647
642,744
642,999
642,780
642,881
642,923
642,837
642,664
642,729
642,794
642,767
643,932
643,741
643,996
643,892
643,789
644,772
644,953
644,990
644,737
644,753
644,755
644,765
645,962
645,811
645,886
645,779
645,725
645,854
645,888
645,959
645,958
645,945
646,919
646,676
646,937
646,682
646,687
646,714
646,722
646,673
646,992
646,889
646,766
647,803
647,775
647,808
647,978
647,928
647,793
648,727
648,846
648,752
649,940
649,813
649,816
649,715
649,986
649,877
650,868
650,901
650,860
650,939
650,844
650,883
650,760
650,732
651,772
651,773
651,915
651,684
651,692
651,965
651,979
651,725
651,933
652,771
652,793
652,807
652,817
653,898
653,790
653,928
653,686
653,707
653,743
653,749
653,750
653,762
654,933
654,679
654,887
654,836
654,763
655,657
655,817
655,683
655,818
655,828
655,839
655,855
655,740
655,877
656,870
656,884
656,725
656,793
656,900
656,731
656,764
657,775
657,792
657,673
657,722
657,827
657,830
657,705
657,853
657,856
657,857
657,880
658,807
658,975
658,722
658,778
659,805
659,955
659,960
659,981
659,997
659,868
659,869
659,829
659,754
659,757
659,764
660,796
660,708
660,850
660,871
660,893
661,777
661,785
661,722
661,980
661,748
662,978
662,692
662,886
662,888
663,902
663,929
663,674
663,677
663,825
663,828
663,712
663,850
663,979
663,865
663,887
664,995
664,932
664,905
664,812
664,688
664,882
664,724
664,975
664,860
664,861
665,897
665,934
665,710
665,856
665,871
665,759
666,867
666,873
666,842
666,758
666,857
667,896
667,805
667,807
667,984
667,892
668,769
668,681
668,781
668,760
668,719
668,831
669,705
669,871
669,801
669,777
669,757
669,759
670,768
670,807
670,937
670,948
670,707
670,709
670,714
670,973
670,854
670,996
670,871
671,870
671,860
671,817
671,694
671,706
671,726
671,987
671,732
671,766
672,796
672,902
672,941
672,735
672,967
672,982
672,862
672,863
672,741
673,929
673,744
673,918
673,888
673,742
673,921
674,769
674,753
674,867
674,873
674,688
674,863
675,802
675,773
675,817
675,970
675,843
675,972
675,825
675,978
675,916
675,886
675,891
675,764
676,994
676,732
676,924
676,856
676,953
677,931
677,932
677,806
677,951
677,697
677,730
677,924
677,799
678,896
678,773
678,955
678,698
679,933
679,785
679,797
679,978
679,804
679,787
679,701
680,960
680,868
680,945
680,786
680,873
680,938
681,684
681,793
681,828
681,959
681,992
681,894
681,763
681,766
682,921
682,797
682,812
682,953
682,804
682,731
683,707
683,745
683,716
683,969
683,899
683,693
683,695
683,826
683,735
684,834
684,763
684,850
684,750
684,744
684,835
684,894
684,854
684,797
685,908
685,750
685,687
685,690
685,851
685,693
685,837
685,868
685,735
686,992
686,739
686,868
686,932
686,972
686,934
686,692
686,696
686,730
687,863
687,960
687,689
687,953
687,694
687,761
687,982
687,922
687,703
688,771
688,730
688,808
688,966
688,971
688,732
688,753
688,762
689,704
689,971
689,976
689,966
689,965
690,705
690,971
690,880
690,692
690,855
690,769
691,997
691,781
691,823
691,940
692,936
692,812
692,946
692,971
692,849
692,853
692,756
692,887
693,771
693,926
693,931
693,989
693,697
693,983
693,865
693,745
693,749
693,756
693,892
694,777
694,837
694,976
694,726
694,983
694,753
694,882
695,800
695,930
695,931
695,701
695,938
695,832
695,889
695,751
695,766
696,997
696,969
696,755
696,805
696,884
696,728
697,897
697,770
697,903
697,836
697,990
697,894
698,863
698,717
698,791
698,751
699,851
699,807
699,951
699,981
700,778
700,785
700,972
700,983
700,746
700,762
700,764
700,895
701,809
701,781
701,878
701,760
701,986
702,710
702,968
702,805
702,772
702,703
702,767
703,832
703,899
703,793
703,821
703,823
703,976
703,884
703,888
704,710
704,921
704,705
704,763
704,962
704,925
705,917
705,831
705,801
705,727
705,995
705,741
706,833
706,733
706,851
706,831
707,843
707,830
707,754
707,937
707,914
707,764
707,906
707,789
708,775
708,842
708,871
708,849
709,770
709,773
709,902
709,800
709,820
709,735
709,893
710,809
710,898
710,911
711,772
711,839
711,761
711,749
711,826
711,868
711,901
712,768
712,969
712,880
712,869
712,863
713,913
713,961
713,877
713,936
713,999
713,979
713,753
713,958
714,807
714,960
714,848
714,862
714,742
715,731
715,833
715,782
715,881
715,865
716,912
716,904
716,835
716,731
716,989
716,901
717,896
717,927
717,815
717,948
717,955
717,873
717,750
718,942
718,951
718,868
719,778
719,809
719,967
719,969
719,727
719,986
719,996
719,756
719,886
720,771
720,879
720,945
720,880
720,809
720,765
721,934
721,977
721,840
721,746
721,813
721,750
721,918
721,809
721,986
722,930
722,820
722,821
722,831
722,993
722,923
722,875
723,944
723,966
723,847
723,981
723,866
723,742
723,873
723,875
723,749
723,788
724,837
724,727
724,886
724,915
725,790
725,893
725,735
725,926
726,958
726,904
726,908
726,844
726,888
726,893
727,896
727,841
727,827
727,830
727,836
727,977
728,972
728,920
728,793
728,875
729,948
730,807
730,810
730,831
730,840
730,970
730,954
730,878
731,862
731,898
732,943
732,786
732,859
732,951
733,876
733,760
733,826
733,988
734,843
734,910
734,912
734,991
735,797
736,929
736,963
736,981
737,921
737,799
737,806
737,821
737,832
737,964
737,883
737,809
737,767
738,840
738,817
738,824
738,997
739,839
739,790
739,869
739,954
740,879
740,958
740,876
740,884
740,792
741,987
741,806
741,748
741,910
741,951
742,956
742,856
743,869
743,870
743,746
743,970
744,837
744,925
744,807
744,801
744,803
744,802
745,822
745,930
745,962
746,970
746,857
747,779
747,943
747,795
748,992
748,810
748,752
748,852
748,921
748,829
750,909
750,910
750,930
750,948
750,842
750,848
750,980
750,847
751,771
751,909
751,957
751,985
751,993
751,874
752,966
752,826
752,762
752,976
752,852
753,982
753,783
753,928
753,807
753,936
753,968
753,855
753,876
754,920
754,921
754,803
754,805
754,943
754,980
754,891
755,925
756,918
756,794
756,942
756,816
756,950
757,843
757,898
758,770
758,774
758,818
758,836
759,866
759,996
759,874
760,769
760,908
761,785
761,821
761,956
761,966
761,987
761,864
761,998
761,871
762,811
762,920
762,844
763,940
763,907
763,834
763,949
763,879
764,922
765,784
765,803
765,809
765,781
765,857
765,817
766,995
766,942
766,938
766,940
766,986
767,808
767,782
767,815
767,969
768,769
768,869
768,861
768,884
768,846
768,921
768,850
769,780
769,953
769,958
770,942
771,911
771,944
771,830
771,966
772,972
772,942
772,792
772,986
772,964
773,852
773,796
774,908
774,801
774,810
774,820
774,957
774,837
774,846
775,778
775,933
775,824
775,992
775,888
775,892
776,800
777,778
777,842
777,988
777,990
778,781
778,910
778,796
778,926
778,937
778,877
778,889
778,894
779,790
779,827
779,785
779,898
779,863
780,919
780,938
780,833
780,965
780,844
781,919
781,835
781,931
781,995
782,875
782,806
782,850
782,857
782,785
782,984
783,832
783,932
783,950
783,868
783,923
784,923
784,851
784,911
784,915
784,819
785,908
785,838
785,863
785,935
785,880
786,929
786,902
786,859
786,975
787,961
787,923
787,998
787,980
787,922
788,960
788,996
788,797
790,832
790,964
790,826
791,990
791,944
791,819
791,938
792,907
792,856
792,980
792,890
793,877
794,899
794,915
794,933
794,940
794,947
794,830
794,845
794,858
794,891
795,811
795,976
795,878
795,974
796,956
796,978
796,854
796,885
797,997
797,984
797,828
797,894
798,904
798,804
798,806
798,937
798,939
798,943
798,976
798,895
799,924
799,871
799,880
800,875
800,957
800,883
800,980
801,958
801,823
801,887
801,821
801,996
802,899
802,923
802,839
802,815
802,986
802,892
803,927
803,980
803,981
803,860
804,898
804,983
804,885
804,923
804,861
805,865
805,909
805,856
806,958
806,807
806,903
807,825
807,844
807,850
807,851
807,865
807,810
808,898
808,902
808,912
808,820
808,963
808,971
808,892
808,809
809,922
809,865
809,972
809,851
809,852
809,989
809,874
810,901
810,908
810,938
810,989
810,883
811,992
811,867
811,975
811,903
811,968
811,817
811,981
811,825
811,957
812,879
812,994
812,855
813,954
813,969
813,986
813,861
814,866
814,885
814,823
814,956
814,986
816,940
816,873
817,844
817,866
818,854
818,839
819,865
819,862
819,839
819,930
819,860
820,896
821,900
821,971
822,840
823,958
824,896
824,945
825,875
825,881
826,996
827,908
827,893
828,898
828,947
828,943
828,894
829,958
829,877
829,885
829,988
829,881
830,916
830,949
830,865
830,862
830,995
830,893
830,895
831,976
831,893
831,946
832,855
832,883
833,865
834,858
834,857
834,852
835,866
835,920
835,980
836,974
836,854
836,952
837,986
838,914
838,938
838,954
838,906
838,959
838,866
838,889
839,841
839,885
840,913
840,943
840,946
840,842
840,845
840,855
840,985
841,959
841,987
842,845
843,901
843,888
844,859
844,943
845,973
845,914
845,963
845,916
846,941
846,908
846,850
846,932
846,997
846,875
847,870
847,956
847,907
847,940
847,980
848,967
848,945
848,858
848,987
849,945
849,939
849,888
849,885
849,989
850,912
850,939
850,967
850,879
851,896
851,911
851,939
852,957
852,943
852,856
852,893
853,880
853,990
853,898
854,940
854,918
854,879
854,883
855,873
856,890
856,921
856,978
858,905
858,963
858,984
858,895
859,922
859,924
859,950
859,878
860,920
860,929
860,973
860,974
860,879
861,875
861,876
861,871
861,957
861,996
862,971
862,985
862,991
863,871
863,912
863,965
864,959
865,898
865,974
865,890
866,993
867,968
867,878
868,967
868,982
869,968
870,896
870,961
870,917
871,958
871,949
871,980
871,883
872,996
872,907
873,918
873,963
874,893
876,902
876,945
876,974
879,989
879,903
880,964
880,992
881,894
882,892
882,913
882,985
882,972
883,969
883,967
883,997
884,916
884,958
884,992
885,912
885,952
885,960
885,995
886,983
886,916
886,927
886,995
887,909
888,942
889,990
889,890
891,937
892,969
892,985
892,990
892,995
894,912
895,915
895,951
897,900
897,908
897,943
897,967
897,972
897,985
897,989
899,933
900,933
900,904
900,947
900,959
901,932
902,991
903,967
904,968
904,957
905,933
905,915
906,994
906,983
907,908
907,978
907,919
909,936
911,942
911,979
913,950
914,969
914,976
915,916
915,960
915,980
916,942
917,950
917,976
917,952
917,926
918,974
918,946
918,983
918,979
919,994
920,958
921,932
921,982
922,933
922,924
922,957
923,933
924,969
925,926
926,936
927,975
928,951
929,998
929,950
930,981
930,997
931,975
931,977
931,969
931,957
932,987
933,957
933,981
933,947
935,983
936,994
938,947
941,963
943,961
944,980
946,960
947,965
947,979
949,994
949,996
952,993
952,974
956,989
959,974
960,962
961,980
961,975
962,969
963,987
964,998
965,986
967,974
968,994
970,980
973,987
974,993
974,985
991,998
