t (s)		P (mmHg)		
0		26.818468
0.001636	26.62964
0.003271	26.494331
0.004907	26.414458
0.006543	26.372056
0.008178	26.341098
0.009814	26.311465
0.011449	26.282099
0.013085	26.252045
0.014721	26.220603
0.016356	26.187958
0.017992	26.154484
0.019628	26.120556
0.021263	26.086546
0.022899	26.052829
0.024535	26.019779
0.02617	25.987771
0.027806	25.957038
0.029441	25.927414
0.031077	25.898652
0.032713	25.87051
0.034348	25.842745
0.035984	25.815112
0.03762	25.787367
0.039255	25.759268
0.040891	25.730571
0.042527	25.701031
0.044162	25.670405
0.045798	25.63845
0.047433	25.604922
0.049069	25.569576
0.050705	25.532171
0.05234	25.492462
0.053976	25.450395
0.055612	25.40632
0.057247	25.360643
0.058883	25.313771
0.060519	25.266108
0.062154	25.218061
0.06379	25.170034
0.065425	25.122435
0.067061	25.075793
0.068697	25.030876
0.070332	24.988474
0.071968	24.949378
0.073604	24.914381
0.075239	24.884273
0.076875	24.859847
0.078511	24.841881
0.080146	24.830366
0.081782	24.823992
0.083417	24.821329
0.085053	24.820948
0.086689	24.821418
0.088324	24.821309
0.08996	24.819193
0.091596	24.813654
0.093231	24.804034
0.094867	24.790754
0.096503	24.774318
0.098138	24.755228
0.099774	24.733988
0.101409	24.711102
0.103045	24.687073
0.104681	24.662557
0.106316	24.638769
0.107952	24.617055
0.109588	24.598757
0.111223	24.585222
0.112859	24.577792
0.114494	24.577814
0.11613	24.58663
0.117766	24.605587
0.119401	24.636028
0.121037	24.679297
0.122673	24.73674
0.124308	24.8097
0.125944	24.899523
0.12758	25.007552
0.129215	25.135132
0.130851	25.283125
0.132486	25.451091
0.134122	25.638371
0.135758	25.844306
0.137393	26.068237
0.139029	26.309505
0.140665	26.56745
0.1423	26.84141
0.143936	27.12948
0.145572	27.426858
0.147207	27.728329
0.148843	28.028679
0.150478	28.322691
0.152114	28.605151
0.15375	28.870844
0.155385	29.116683
0.157021	29.353149
0.158657	29.596039
0.160292	29.861166
0.161928	30.163367
0.163564	30.500804
0.165199	30.857652
0.166835	31.217654
0.16847	31.567044
0.170106	31.905559
0.171742	32.237494
0.173377	32.567151
0.175013	32.898828
0.176649	33.236824
0.178284	33.58544
0.17992	33.948974
0.181556	34.330502
0.183191	34.727424
0.184827	35.135495
0.186462	35.550472
0.188098	35.968113
0.189734	36.384173
0.191369	36.794409
0.193005	37.194578
0.194641	37.581719
0.196276	37.957959
0.197912	38.326681
0.199548	38.691272
0.201183	39.055118
0.202819	39.421603
0.204454	39.794112
0.20609	40.174965
0.207726	40.554067
0.209361	40.913312
0.210997	41.234462
0.212633	41.499685
0.214268	41.708329
0.215904	41.882856
0.21754	42.047351
0.219175	42.224019
0.220811	42.416848
0.222446	42.619603
0.224082	42.825938
0.225718	43.029505
0.227353	43.223956
0.228989	43.402943
0.230625	43.560119
0.23226	43.690268
0.233896	43.797368
0.235532	43.889874
0.237167	43.976271
0.238803	44.065042
0.240438	44.164673
0.242074	44.283646
0.24371	44.430448
0.245345	44.61073
0.246981	44.810666
0.248617	45.008238
0.250252	45.181423
0.251888	45.318445
0.253524	45.433558
0.255159	45.545084
0.256795	45.670889
0.25843	45.81755
0.260066	45.979936
0.261702	46.152373
0.263337	46.329187
0.264973	46.504703
0.266609	46.673248
0.268244	46.829145
0.26988	46.96702
0.271516	47.087252
0.273151	47.195435
0.274787	47.297355
0.276422	47.398794
0.278058	47.505535
0.279694	47.623363
0.281329	47.758061
0.282965	47.914963
0.284601	48.092407
0.286236	48.2832
0.287872	48.479999
0.289508	48.67546
0.291143	48.862241
0.292779	49.032998
0.294414	49.180388
0.29605	49.297748
0.297686	49.387078
0.299321	49.456347
0.300957	49.513642
0.302593	49.567474
0.304228	49.628189
0.305864	49.706628
0.307499	49.813477
0.309135	49.947837
0.310771	50.089453
0.312406	50.216234
0.314042	50.306085
0.315678	50.345023
0.317313	50.349097
0.318949	50.341307
0.320585	50.344382
0.32222	50.367257
0.323856	50.398821
0.325491	50.426381
0.327127	50.437249
0.328763	50.423381
0.330398	50.391475
0.332034	50.351146
0.33367	50.311858
0.335305	50.27757
0.336941	50.245261
0.338577	50.211462
0.340212	50.172704
0.341848	50.125519
0.343483	50.066437
0.345119	49.99199
0.346755	49.898801
0.34839	49.786097
0.350026	49.655979
0.351662	49.510698
0.353297	49.352505
0.354933	49.183651
0.356569	49.006385
0.358204	48.822959
0.35984	48.634636
0.361475	48.439966
0.363111	48.237029
0.364747	48.023908
0.366382	47.798685
0.368018	47.559441
0.369654	47.304259
0.371289	47.031224
0.372925	46.739711
0.374561	46.432165
0.376196	46.111476
0.377832	45.780534
0.379467	45.44223
0.381103	45.099455
0.382739	44.7551
0.384374	44.412033
0.38601	44.069893
0.387646	43.721662
0.389281	43.359506
0.390917	42.975587
0.392553	42.567516
0.394188	42.158269
0.395824	41.778209
0.397459	41.457547
0.399095	41.212814
0.400731	41.036129
0.402366	40.917081
0.404002	40.845259
0.405638	40.810253
0.407273	40.801654
0.408909	40.80905
0.410545	40.823046
0.41218	40.839045
0.413816	40.853867
0.415451	40.864331
0.417087	40.867428
0.418723	40.862146
0.420358	40.848772
0.421994	40.827613
0.42363	40.799142
0.425265	40.764502
0.426901	40.725005
0.428537	40.681962
0.430172	40.636684
0.431808	40.590483
0.433443	40.544672
0.435079	40.500561
0.436715	40.459174
0.43835	40.420543
0.439986	40.384481
0.441622	40.350804
0.443257	40.319326
0.444893	40.289862
0.446529	40.262227
0.448164	40.236237
0.4498	40.211801
0.451435	40.189118
0.453071	40.168435
0.454707	40.150002
0.456342	40.134069
0.457978	40.120883
0.459614	40.110695
0.461249	40.103669
0.462885	40.099256
0.464521	40.096557
0.466156	40.09467
0.467792	40.092693
0.469427	40.089724
0.471063	40.084859
0.472699	40.077198
0.474334	40.065838
0.47597	40.049877
0.477606	40.028412
0.479241	40.000541
0.480877	39.965362
0.482513	39.921973
0.484148	39.869472
0.485784	39.806956
0.487419	39.733792
0.489055	39.650955
0.490691	39.560013
0.492326	39.462536
0.493962	39.360092
0.495598	39.25425
0.497233	39.146581
0.498869	39.038653
0.500505	38.931696
0.50214	38.825204
0.503776	38.718124
0.505411	38.609401
0.507047	38.497979
0.508683	38.382805
0.510318	38.262823
0.511954	38.13705
0.51359	38.00564
0.515225	37.869661
0.516861	37.730209
0.518496	37.588379
0.520132	37.445266
0.521768	37.301965
0.523403	37.15957
0.525039	37.019131
0.526675	36.881076
0.52831	36.745404
0.529946	36.612101
0.531582	36.481157
0.533217	36.352558
0.534853	36.226294
0.536488	36.102352
0.538124	35.98071
0.53976	35.861237
0.541395	35.743733
0.543031	35.628
0.544667	35.513838
0.546302	35.401047
0.547938	35.289428
0.549574	35.178781
0.551209	35.068934
0.552845	34.959953
0.55448	34.852034
0.556116	34.745374
0.557752	34.640167
0.559387	34.536611
0.561023	34.434901
0.562659	34.335231
0.564294	34.237673
0.56593	34.142144
0.567566	34.048552
0.569201	33.956804
0.570837	33.866807
0.572472	33.778469
0.574108	33.691697
0.575744	33.606395
0.577379	33.522393
0.579015	33.439437
0.580651	33.357267
0.582286	33.275624
0.583922	33.19425
0.585558	33.112885
0.587193	33.03127
0.588829	32.949162
0.590464	32.866671
0.5921	32.784253
0.593736	32.702381
0.595371	32.621525
0.597007	32.542157
0.598643	32.464749
0.600278	32.389771
0.601914	32.317666
0.60355	32.248325
0.605185	32.181173
0.606821	32.11562
0.608456	32.051072
0.610092	31.986941
0.611728	31.922633
0.613363	31.85756
0.614999	31.791387
0.616635	31.724314
0.61827	31.656609
0.619906	31.588541
0.621542	31.520376
0.623177	31.452383
0.624813	31.38483
0.626448	31.317983
0.628084	31.252074
0.62972	31.187262
0.631355	31.123703
0.632991	31.061549
0.634627	31.000956
0.636262	30.942077
0.637898	30.885066
0.639534	30.830074
0.641169	30.77703
0.642805	30.72551
0.64444	30.675062
0.646076	30.625232
0.647712	30.575567
0.649347	30.525614
0.650983	30.474919
0.652619	30.423037
0.654254	30.369891
0.65589	30.31591
0.657526	30.261561
0.659161	30.207309
0.660797	30.15362
0.662432	30.100961
0.664068	30.049798
0.665704	30.000471
0.667339	29.952879
0.668975	29.906825
0.670611	29.862109
0.672246	29.818533
0.673882	29.775899
0.675518	29.734007
0.677153	29.692661
0.678789	29.651665
0.680424	29.61084
0.68206	29.570008
0.683696	29.528991
0.685331	29.487614
0.686967	29.445697
0.688603	29.403063
0.690238	29.359537
0.691874	29.315072
0.69351	29.26997
0.695145	29.22459
0.696781	29.179286
0.698416	29.134417
0.700052	29.09034
0.701688	29.047411
0.703323	29.005986
0.704959	28.966176
0.706595	28.927537
0.70823	28.88955
0.709866	28.851699
0.711502	28.813465
0.713137	28.774329
0.714773	28.733774
0.716408	28.691395
0.718044	28.647489
0.71968	28.602616
0.721315	28.557333
0.722951	28.512202
0.724587	28.467782
0.726222	28.424632
0.727858	28.383312
0.729493	28.344257
0.731129	28.307246
0.732765	28.271849
0.7344	28.237636
0.736036	28.204174
0.737672	28.171035
0.739307	28.137785
0.740943	28.103996
0.742579	28.069304
0.744214	28.033654
0.74585	27.997076
0.747485	27.9596
0.749121	27.921255
0.750757	27.882071
0.752392	27.842077
0.754028	27.801303
0.755664	27.759779
0.757299	27.717534
0.758935	27.674598
0.760571	27.631
0.762206	27.58677
0.763842	27.541938
0.765477	27.496534
0.767113	27.450597
0.768749	27.404288
0.770384	27.357841
0.77202	27.311493
0.773656	27.265479
0.775291	27.220035
0.776927	27.175395
0.778563	27.131797
0.780198	27.08946
0.781834	27.048456
0.783469	27.008776
0.785105	26.970413
0.786741	26.933358
0.788376	26.897602
0.790012	26.863136
0.791648	26.829953
0.793283	26.798009
0.794919	26.766999
0.796555	26.736493
0.79819	26.70606
0.799826	26.675272
0.801461	26.643696
0.803097	26.610904
0.804733	26.576465
0.806368	26.540052
0.808004	26.502017
0.80964	26.462985
0.811275	26.423584
0.812911	26.38444
0.814547	26.34618
0.816182	26.30943
0.817818	26.274794
0.819453	26.242328
0.821089	26.211542
0.822725	26.181923
0.82436	26.152955
0.825996	26.124127
0.827632	26.094923
0.829267	26.06483
0.830903	26.033359
0.832539	26.000486
0.834174	25.966591
0.83581	25.932067
0.837445	25.897308
0.839081	25.862707
0.840717	25.828659
0.842352	25.795556
0.843988	25.763772
0.845624	25.733392
0.847259	25.704279
0.848895	25.676291
0.850531	25.649287
0.852166	25.623124
0.853802	25.59766
0.855437	25.572753
0.857073	25.548261
0.858709	25.524042
0.860344	25.499955
0.86198	25.475856
0.863616	25.451605
0.865251	25.42706
0.866887	25.402077
0.868523	25.376515
0.870158	25.350233
0.871794	25.323086
0.873429	25.294931
0.875065	25.265624
0.876701	25.235021
0.878336	25.202977
0.879972	25.169349
0.881608	25.133994
0.883243	25.096787
0.884879	25.057791
0.886515	25.017158
0.88815	24.97504
0.889786	24.93159
0.891421	24.886962
0.893057	24.841308
0.894693	24.794781
0.896328	24.747572
0.897964	24.700138
0.8996	24.653052
0.901235	24.606886
0.902871	24.562213
0.904507	24.519608
0.906142	24.479643
0.907778	24.442891
0.909413	24.409889
0.911049	24.380948
0.912685	24.356299
0.91432	24.336169
0.915956	24.32079
0.917592	24.310388
0.919227	24.305194
0.920863	24.305387
0.922498	24.310169
0.924134	24.317827
0.92577	24.326612
0.927405	24.334779
0.929041	24.34058
0.930677	24.342268
0.932312	24.338095
0.933948	24.326432
0.935584	24.307562
0.937219	24.28332
0.938855	24.255587
0.94049	24.226245
0.942126	24.197173
0.943762	24.170253
0.945397	24.147366
0.947033	24.130341
0.948669	24.12033
0.950304	24.118006
0.95194	24.12403
0.953576	24.139065
0.955211	24.163772
0.956847	24.198815
0.958482	24.244854
0.960118	24.302622
0.961754	24.373623
0.963389	24.459834
0.965025	24.563239
0.966661	24.685824
0.968296	24.829574
0.969932	24.996472
0.971568	25.188463
0.973203	25.405184
0.974839	25.642831
0.976474	25.897319
0.97811	26.164562
0.979746	26.440473
0.981381	26.720966
0.983017	27.001957
0.984653	27.279422
0.986288	27.55184
0.987924	27.820943
0.98956	28.088682
0.991195	28.357008
0.992831	28.627873
0.994466	28.903228
0.996102	29.185023
0.997738	29.475169
0.999373	29.774349
1.001009	30.081856
1.002645	30.396904
1.00428	30.718711
1.005916	31.046492
1.007552	31.379464
1.009187	31.716844
1.010823	32.057878
1.012458	32.402539
1.014094	32.751518
1.01573	33.105536
1.017365	33.465313
1.019001	33.831571
1.020637	34.205031
1.022272	34.586411
1.023908	34.975713
1.025544	35.371178
1.027179	35.77078
1.028815	36.172495
1.03045	36.574299
1.032086	36.974167
1.033722	37.370074
1.035357	37.759997
1.036993	38.14191
1.038629	38.513789
1.040264	38.87361
1.0419	39.219347
1.043536	39.548977
1.045171	39.860475
1.046807	40.151816
1.048442	40.420994
1.050078	40.667873
1.051714	40.895745
1.053349	41.10827
1.054985	41.309111
1.056621	41.501928
1.058256	41.690381
1.059892	41.878132
1.061528	42.068832
1.063163	42.265501
1.064799	42.470151
1.066434	42.684706
1.06807	42.910031
1.069706	43.134131
1.071341	43.336432
1.072977	43.496205
1.074613	43.600369
1.076248	43.66775
1.077884	43.725499
1.07952	43.800764
1.081155	43.918037
1.082791	44.074957
1.084426	44.253586
1.086062	44.435795
1.087698	44.607349
1.089333	44.76791
1.090969	44.92024
1.092605	45.067101
1.09424	45.211257
1.095876	45.355469
1.097512	45.502501
1.099147	45.655113
1.100783	45.815022
1.102418	45.980745
1.104054	46.15019
1.10569	46.321262
1.107325	46.49187
1.108961	46.659919
1.110597	46.823318
1.112232	46.979974
1.113868	47.128864
1.115504	47.271765
1.117139	47.410912
1.118775	47.548539
1.12041	47.686881
1.122046	47.828171
1.123682	47.974645
1.125317	48.128203
1.126953	48.288338
1.128589	48.453475
1.130224	48.622038
1.13186	48.792446
1.133495	48.963123
1.135131	49.132489
1.136767	49.298968
1.138402	49.460921
1.140038	49.616348
1.141674	49.763109
1.143309	49.899064
1.144945	50.022073
1.146581	50.129996
1.148216	50.220693
1.149852	50.292025
1.151487	50.342505
1.153123	50.374082
1.154759	50.38983
1.156394	50.392823
1.15803	50.386135
1.159666	50.372841
1.161301	50.356016
1.162937	50.338733
1.164573	50.323247
1.166208	50.30813
1.167844	50.290922
1.169479	50.269163
1.171115	50.240391
1.172751	50.202147
1.174386	50.151968
1.176022	50.087497
1.177658	50.007752
1.179293	49.912744
1.180929	49.802508
1.182565	49.677077
1.1842	49.536485
1.185836	49.380766
1.187471	49.209953
1.189107	49.02423
1.190743	48.825454
1.192378	48.616534
1.194014	48.400394
1.19565	48.179959
1.197285	47.958155
1.198921	47.737904
1.200557	47.522133
1.202192	47.313282
1.203828	47.10926
1.205463	46.905506
1.207099	46.697434
1.208735	46.480459
1.21037	46.249995
1.212006	46.001455
1.213642	45.730254
1.215277	45.432644
1.216913	45.111471
1.218549	44.7727
1.220184	44.422312
1.22182	44.066289
1.223455	43.710614
1.225091	43.361267
1.226727	43.024033
1.228362	42.69865
1.229998	42.37787
1.231634	42.054054
1.233269	41.71959
1.234905	41.375958
1.236541	41.047057
1.238176	40.760181
1.239812	40.541808
1.241447	40.399353
1.243083	40.320979
1.244719	40.294001
1.246354	40.305731
1.24799	40.343482
1.249626	40.394568
1.251261	40.446302
1.252897	40.486394
1.254533	40.509888
1.256168	40.5183
1.257804	40.513362
1.259439	40.496809
1.261075	40.470375
1.262711	40.435796
1.264346	40.394804
1.265982	40.349116
1.267618	40.300173
1.269253	40.249203
1.270889	40.19743
1.272525	40.146076
1.27416	40.096365
1.275796	40.049521
1.277431	40.006763
1.279067	39.96901
1.280703	39.936617
1.282338	39.909875
1.283974	39.889075
1.28561	39.874511
1.287245	39.866475
1.288881	39.865257
1.290517	39.871142
1.292152	39.883835
1.293788	39.902101
1.295423	39.92462
1.297059	39.95007
1.298695	39.977131
1.30033	40.004483
1.301966	40.030804
1.303602	40.054779
1.305237	40.075347
1.306873	40.091803
1.308509	40.103471
1.310144	40.109673
1.31178	40.109735
1.313415	40.102978
1.315051	40.088726
1.316687	40.066319
1.318322	40.035662
1.319958	39.997359
1.321594	39.952056
1.323229	39.900399
1.324865	39.843034
1.326501	39.780608
1.328136	39.713766
1.329772	39.643048
1.331407	39.568657
1.333043	39.490732
1.334679	39.409411
1.336314	39.324832
1.33795	39.237134
1.339586	39.146456
1.341221	39.052934
1.342857	38.956614
1.344492	38.857284
1.346128	38.75469
1.347764	38.648579
1.349399	38.538699
1.351035	38.424795
1.352671	38.306615
1.354306	38.183906
1.355942	38.056691
1.357578	37.92563
1.359213	37.79147
1.360849	37.654962
1.362484	37.516853
1.36412	37.377893
1.365756	37.238829
1.367391	37.10041
1.369027	36.963172
1.370663	36.827234
1.372298	36.692663
1.373934	36.559526
1.37557	36.427891
1.377205	36.297826
1.378841	36.169398
1.380476	36.042657
1.382112	35.91755
1.383748	35.793993
1.385383	35.671901
1.387019	35.551188
1.388655	35.43177
1.39029	35.31356
1.391926	35.196475
1.393562	35.080486
1.395197	34.965823
1.396833	34.85279
1.398468	34.741693
1.400104	34.632837
1.40174	34.526525
1.403375	34.423063
1.405011	34.322756
1.406647	34.225816
1.408282	34.132101
1.409918	34.041379
1.411554	33.953419
1.413189	33.86799
1.414825	33.784859
1.41646	33.703797
1.418096	33.624571
1.419732	33.546952
1.421367	33.470706
1.423003	33.395603
1.424639	33.321413
1.426274	33.247903
1.42791	33.174842
1.429546	33.101999
1.431181	33.029168
1.432817	32.956377
1.434452	32.883789
1.436088	32.811564
1.437724	32.739864
1.439359	32.668853
1.440995	32.598691
1.442631	32.529541
1.444266	32.461544
1.445902	32.394676
1.447538	32.328835
1.449173	32.263916
1.450809	32.199816
1.452444	32.136431
1.45408	32.073656
1.455716	32.011388
1.457351	31.949508
1.458987	31.887792
1.460623	31.825971
1.462258	31.763778
1.463894	31.700945
1.46553	31.637204
1.467165	31.572287
1.468801	31.505926
1.470436	31.437973
1.472072	31.368982
1.473708	31.299752
1.475343	31.231088
1.476979	31.163792
1.478615	31.098665
1.48025	31.036511
1.481886	30.978093
1.483522	30.92343
1.485157	30.871876
1.486793	30.822758
1.488428	30.775407
1.490064	30.729151
1.4917	30.683319
1.493335	30.637239
1.494971	30.590272
1.496607	30.54224
1.498242	30.493329
1.499878	30.443736
1.501514	30.393656
1.503149	30.343285
1.504785	30.29282
1.50642	30.242456
1.508056	30.19238
1.509692	30.14267
1.511327	30.09333
1.512963	30.044359
1.514599	29.995759
1.516234	29.947531
1.51787	29.899677
1.519506	29.852198
1.521141	29.805095
1.522777	29.75837
1.524412	29.712022
1.526048	29.666055
1.527684	29.620468
1.529319	29.575264
1.530955	29.530443
1.532591	29.486007
1.534226	29.441966
1.535862	29.398341
1.537497	29.355154
1.539133	29.312429
1.540769	29.270188
1.542404	29.228454
1.54404	29.187249
1.545676	29.146596
1.547311	29.106546
1.548947	29.067179
1.550583	29.028581
1.552218	28.990836
1.553854	28.954028
1.555489	28.91824
1.557125	28.883558
1.558761	28.850057
1.560396	28.817564
1.562032	28.785637
1.563668	28.753819
1.565303	28.721653
1.566939	28.688683
1.568575	28.654452
1.57021	28.618504
1.571846	28.58041
1.573481	28.540331
1.575117	28.498998
1.576753	28.457159
1.578388	28.415566
1.580024	28.374971
1.58166	28.336122
1.583295	28.299771
1.584931	28.266343
1.586567	28.235499
1.588202	28.206793
1.589838	28.179775
1.591473	28.153999
1.593109	28.129016
1.594745	28.104378
1.59638	28.079638
1.598016	28.054347
1.599652	28.028058
1.601287	28.000324
1.602923	27.970695
1.604559	27.938724
1.606194	27.903964
1.60783	27.865966
1.609465	27.824292
1.611101	27.779316
1.612737	27.732848
1.614372	27.686846
1.616008	27.643267
1.617644	27.604068
1.619279	27.571207
1.620915	27.546641
1.622551	27.532211
1.624186	27.522909
1.625822	27.503207
1.627457	27.456679
1.629093	27.367485
1.630729	27.2265
1.632364	27.033394
1.634	26.818468
