t(s)   Q (ml/s)	
0	0.0153
0.001	0.015
0.002	0.0152
0.003	0.0144
0.004	0.0146
0.005	0.0146
0.006	0.0147
0.007	0.014
0.008	0.0142
0.009	0.014
0.01	0.0139
0.011	0.0136
0.012	0.0137
0.013	0.0138
0.014	0.0138
0.015	0.0138
0.016	0.0138
0.017	0.014
0.018	0.0138
0.019	0.0143
0.02	0.0141
0.021	0.0142
0.022	0.0142
0.023	0.0144
0.024	0.0142
0.025	0.0144
0.026	0.0146
0.027	0.0146
0.028	0.0146
0.029	0.0147
0.03	0.0149
0.031	0.0148
0.032	0.0149
0.033	0.0152
0.034	0.0152
0.035	0.0151
0.036	0.0151
0.037	0.0151
0.038	0.0151
0.039	0.0151
0.04	0.0149
0.041	0.0145
0.042	0.0146
0.043	0.0146
0.044	0.0144
0.045	0.0145
0.046	0.0142
0.047	0.0146
0.048	0.0146
0.049	0.0143
0.05	0.0144
0.051	0.0141
0.052	0.0141
0.053	0.0145
0.054	0.0147
0.055	0.0146
0.056	0.0143
0.057	0.0141
0.058	0.0138
0.059	0.0138
0.06	0.0136
0.061	0.0132
0.062	0.0128
0.063	0.0126
0.064	0.0123
0.065	0.0116
0.066	0.0121
0.067	0.0116
0.068	0.0117
0.069	0.0113
0.07	0.011
0.071	0.0109
0.072	0.0107
0.073	0.0105
0.074	0.0102
0.075	0.0103
0.076	0.01
0.077	0.0099
0.078	0.0102
0.079	0.0103
0.08	0.01
0.081	0.0101
0.082	0.0102
0.083	0.0102
0.084	0.0103
0.085	0.0106
0.086	0.0107
0.087	0.0107
0.088	0.011
0.089	0.0112
0.09	0.0112
0.091	0.0117
0.092	0.012
0.093	0.0122
0.094	0.0125
0.095	0.0129
0.096	0.0131
0.097	0.0136
0.098	0.014
0.099	0.0149
0.1	0.015
0.101	0.0155
0.102	0.0158
0.103	0.0163
0.104	0.0166
0.105	0.0167
0.106	0.0172
0.107	0.0173
0.108	0.0176
0.109	0.0177
0.11	0.0177
0.111	0.0175
0.112	0.0176
0.113	0.0181
0.114	0.0178
0.115	0.0178
0.116	0.0178
0.117	0.018
0.118	0.0182
0.119	0.0182
0.12	0.0182
0.121	0.0183
0.122	0.0183
0.123	0.0186
0.124	0.0186
0.125	0.0187
0.126	0.0189
0.127	0.0194
0.128	0.0199
0.129	0.0204
0.13	0.0214
0.131	0.0221
0.132	0.023
0.133	0.024
0.134	0.0249
0.135	0.0261
0.136	0.0275
0.137	0.0292
0.138	0.0308
0.139	0.0324
0.14	0.0344
0.141	0.0366
0.142	0.0386
0.143	0.0409
0.144	0.043
0.145	0.0456
0.146	0.0486
0.147	0.0511
0.148	0.0543
0.149	0.0567
0.15	0.06
0.151	0.0629
0.152	0.066
0.153	0.069
0.154	0.0722
0.155	0.0754
0.156	0.0784
0.157	0.0816
0.158	0.0845
0.159	0.0876
0.16	0.0906
0.161	0.0934
0.162	0.0956
0.163	0.0984
0.164	0.1007
0.165	0.103
0.166	0.1052
0.167	0.107
0.168	0.1089
0.169	0.1106
0.17	0.1122
0.171	0.1136
0.172	0.115
0.173	0.1161
0.174	0.1177
0.175	0.1189
0.176	0.1202
0.177	0.1213
0.178	0.1226
0.179	0.1236
0.18	0.1243
0.181	0.1251
0.182	0.1262
0.183	0.1268
0.184	0.1273
0.185	0.1279
0.186	0.1289
0.187	0.129
0.188	0.13
0.189	0.1302
0.19	0.1306
0.191	0.1307
0.192	0.1313
0.193	0.1317
0.194	0.1316
0.195	0.1319
0.196	0.1325
0.197	0.1323
0.198	0.1323
0.199	0.1323
0.2	0.1324
0.201	0.1322
0.202	0.1319
0.203	0.1315
0.204	0.131
0.205	0.1305
0.206	0.1303
0.207	0.1298
0.208	0.1289
0.209	0.1288
0.21	0.1285
0.211	0.1277
0.212	0.1273
0.213	0.126
0.214	0.1256
0.215	0.1247
0.216	0.1243
0.217	0.1235
0.218	0.1223
0.219	0.1216
0.22	0.1209
0.221	0.1196
0.222	0.1183
0.223	0.1175
0.224	0.1164
0.225	0.1153
0.226	0.1145
0.227	0.1132
0.228	0.1123
0.229	0.111
0.23	0.1103
0.231	0.1093
0.232	0.1081
0.233	0.1073
0.234	0.1063
0.235	0.1051
0.236	0.1043
0.237	0.1035
0.238	0.1025
0.239	0.1015
0.24	0.101
0.241	0.0999
0.242	0.099
0.243	0.0982
0.244	0.0975
0.245	0.0968
0.246	0.0959
0.247	0.0952
0.248	0.0944
0.249	0.0938
0.25	0.0935
0.251	0.0929
0.252	0.0924
0.253	0.0916
0.254	0.0916
0.255	0.0912
0.256	0.0908
0.257	0.091
0.258	0.0909
0.259	0.0916
0.26	0.0916
0.261	0.0921
0.262	0.0924
0.263	0.0927
0.264	0.0929
0.265	0.0928
0.266	0.0931
0.267	0.0931
0.268	0.0932
0.269	0.0933
0.27	0.0932
0.271	0.0934
0.272	0.0937
0.273	0.0941
0.274	0.0938
0.275	0.0944
0.276	0.0944
0.277	0.0947
0.278	0.095
0.279	0.0947
0.28	0.0951
0.281	0.0952
0.282	0.0954
0.283	0.0957
0.284	0.0955
0.285	0.096
0.286	0.096
0.287	0.0961
0.288	0.0959
0.289	0.0964
0.29	0.0962
0.291	0.0964
0.292	0.0963
0.293	0.096
0.294	0.0963
0.295	0.0965
0.296	0.0968
0.297	0.0972
0.298	0.0973
0.299	0.0982
0.3	0.0989
0.301	0.0993
0.302	0.0999
0.303	0.1003
0.304	0.1004
0.305	0.1006
0.306	0.1008
0.307	0.1005
0.308	0.0997
0.309	0.0993
0.31	0.0986
0.311	0.098
0.312	0.0969
0.313	0.0965
0.314	0.0958
0.315	0.0948
0.316	0.0942
0.317	0.0938
0.318	0.0936
0.319	0.0933
0.32	0.093
0.321	0.0926
0.322	0.0921
0.323	0.0925
0.324	0.0919
0.325	0.0917
0.326	0.091
0.327	0.0909
0.328	0.09
0.329	0.089
0.33	0.088
0.331	0.0873
0.332	0.0864
0.333	0.0854
0.334	0.0847
0.335	0.084
0.336	0.0831
0.337	0.0829
0.338	0.0822
0.339	0.0814
0.34	0.0807
0.341	0.0801
0.342	0.0792
0.343	0.0784
0.344	0.0777
0.345	0.0769
0.346	0.0765
0.347	0.0757
0.348	0.075
0.349	0.0739
0.35	0.0732
0.351	0.0727
0.352	0.0716
0.353	0.0707
0.354	0.0699
0.355	0.0693
0.356	0.0684
0.357	0.0677
0.358	0.0668
0.359	0.0655
0.36	0.0646
0.361	0.0636
0.362	0.0624
0.363	0.0612
0.364	0.0601
0.365	0.0588
0.366	0.0577
0.367	0.056
0.368	0.0547
0.369	0.0534
0.37	0.052
0.371	0.051
0.372	0.0494
0.373	0.0479
0.374	0.0469
0.375	0.0455
0.376	0.0445
0.377	0.0433
0.378	0.0419
0.379	0.0408
0.38	0.0396
0.381	0.0379
0.382	0.0367
0.383	0.0355
0.384	0.0337
0.385	0.0325
0.386	0.0306
0.387	0.0289
0.388	0.0274
0.389	0.0259
0.39	0.0245
0.391	0.0225
0.392	0.0207
0.393	0.019
0.394	0.0173
0.395	0.0156
0.396	0.014
0.397	0.0126
0.398	0.0112
0.399	0.0094
0.4	0.0084
0.401	0.0069
0.402	0.0055
0.403	0.0044
0.404	0.0035
0.405	0.0026
0.406	0.0017
0.407	0.0014
0.408	0.001
0.409	0.001
0.41	0.0013
0.411	0.0017
0.412	0.0023
0.413	0.0037
0.414	0.0054
0.415	0.0069
0.416	0.0084
0.417	0.0108
0.418	0.0131
0.419	0.0154
0.42	0.0178
0.421	0.0203
0.422	0.0228
0.423	0.0251
0.424	0.0274
0.425	0.0295
0.426	0.0321
0.427	0.0342
0.428	0.036
0.429	0.0372
0.43	0.0387
0.431	0.0399
0.432	0.041
0.433	0.0416
0.434	0.0425
0.435	0.0429
0.436	0.0432
0.437	0.0436
0.438	0.0439
0.439	0.044
0.44	0.0441
0.441	0.0444
0.442	0.0443
0.443	0.0442
0.444	0.0442
0.445	0.0442
0.446	0.0443
0.447	0.0443
0.448	0.0447
0.449	0.0448
0.45	0.0451
0.451	0.0456
0.452	0.0458
0.453	0.0455
0.454	0.0464
0.455	0.0465
0.456	0.0469
0.457	0.0468
0.458	0.0468
0.459	0.0472
0.46	0.0471
0.461	0.0473
0.462	0.0472
0.463	0.0474
0.464	0.0476
0.465	0.0475
0.466	0.0471
0.467	0.0471
0.468	0.0471
0.469	0.047
0.47	0.0471
0.471	0.0468
0.472	0.0468
0.473	0.0469
0.474	0.0465
0.475	0.0467
0.476	0.0468
0.477	0.047
0.478	0.0469
0.479	0.0467
0.48	0.0468
0.481	0.0465
0.482	0.047
0.483	0.0469
0.484	0.0465
0.485	0.0466
0.486	0.0464
0.487	0.0463
0.488	0.0459
0.489	0.0457
0.49	0.0456
0.491	0.045
0.492	0.0448
0.493	0.0446
0.494	0.0438
0.495	0.0434
0.496	0.0429
0.497	0.0427
0.498	0.0419
0.499	0.0411
0.5	0.0407
0.501	0.0404
0.502	0.0391
0.503	0.0389
0.504	0.0378
0.505	0.037
0.506	0.0363
0.507	0.0357
0.508	0.035
0.509	0.0342
0.51	0.0335
0.511	0.0331
0.512	0.0319
0.513	0.0313
0.514	0.0306
0.515	0.03
0.516	0.0288
0.517	0.0289
0.518	0.0281
0.519	0.0275
0.52	0.0274
0.521	0.0266
0.522	0.0262
0.523	0.0258
0.524	0.0253
0.525	0.025
0.526	0.0241
0.527	0.0237
0.528	0.0231
0.529	0.0225
0.53	0.0218
0.531	0.0215
0.532	0.0206
0.533	0.0204
0.534	0.0196
0.535	0.0194
0.536	0.0185
0.537	0.0183
0.538	0.0181
0.539	0.0175
0.54	0.0171
0.541	0.0169
0.542	0.0167
0.543	0.0165
0.544	0.0163
0.545	0.0161
0.546	0.0158
0.547	0.0157
0.548	0.0157
0.549	0.0156
0.55	0.0151
0.551	0.0154
0.552	0.0153
0.553	0.0152
0.554	0.0152
0.555	0.0154
0.556	0.0154
0.557	0.0155
0.558	0.0156
0.559	0.0154
0.56	0.0154
0.561	0.0156
0.562	0.0156
0.563	0.0157
0.564	0.016
0.565	0.0157
0.566	0.0157
0.567	0.0158
0.568	0.0156
0.569	0.0156
0.57	0.0157
0.571	0.0156
0.572	0.0154
0.573	0.0152
0.574	0.0152
0.575	0.0151
0.576	0.0151
0.577	0.0153
0.578	0.0153
0.579	0.0152
0.58	0.0156
0.581	0.0155
0.582	0.0156
0.583	0.0158
0.584	0.0155
0.585	0.0157
0.586	0.0155
0.587	0.0153
0.588	0.015
0.589	0.0149
0.59	0.015
0.591	0.0149
0.592	0.0149
0.593	0.0146
0.594	0.0147
0.595	0.0146
0.596	0.0146
0.597	0.0146
0.598	0.0148
0.599	0.015
0.6	0.0149
0.601	0.0151
0.602	0.0152
0.603	0.015
0.604	0.0154
0.605	0.0153
0.606	0.0153
0.607	0.0154
0.608	0.0155
0.609	0.0152
0.61	0.0154
0.611	0.0152
0.612	0.0156
0.613	0.0156
0.614	0.0157
0.615	0.0154
0.616	0.0154
0.617	0.0156
0.618	0.0158
0.619	0.0156
0.62	0.0156
0.621	0.0157
0.622	0.0159
0.623	0.0156
0.624	0.0161
0.625	0.0159
0.626	0.0157
0.627	0.0159
0.628	0.0159
0.629	0.0156
0.63	0.0157
0.631	0.0159
0.632	0.0159
0.633	0.0154
0.634	0.0159
0.635	0.0159
0.636	0.0158
0.637	0.0155
0.638	0.016
0.639	0.0162
0.64	0.0163
0.641	0.0166
0.642	0.0167
0.643	0.0162
0.644	0.0164
0.645	0.0163
0.646	0.0164
0.647	0.0163
0.648	0.0163
0.649	0.0162
0.65	0.0162
0.651	0.016
0.652	0.0161
0.653	0.0163
0.654	0.0164
0.655	0.0164
0.656	0.0165
0.657	0.0161
0.658	0.0167
0.659	0.0164
0.66	0.0165
0.661	0.0164
0.662	0.0167
0.663	0.0164
0.664	0.0166
0.665	0.0165
0.666	0.0163
0.667	0.0165
0.668	0.0162
0.669	0.0161
0.67	0.0163
0.671	0.016
0.672	0.0164
0.673	0.0162
0.674	0.0162
0.675	0.0163
0.676	0.0163
0.677	0.0161
0.678	0.0162
0.679	0.0162
0.68	0.0164
0.681	0.0165
0.682	0.0163
0.683	0.016
0.684	0.016
0.685	0.0161
0.686	0.0164
0.687	0.016
0.688	0.0161
0.689	0.0161
0.69	0.0161
0.691	0.0165
0.692	0.0164
0.693	0.0161
0.694	0.0161
0.695	0.0162
0.696	0.0165
0.697	0.0165
0.698	0.0164
0.699	0.0169
0.7	0.017
0.701	0.0169
0.702	0.0172
0.703	0.0169
0.704	0.0169
0.705	0.0169
0.706	0.017
0.707	0.0172
0.708	0.0171
0.709	0.0173
0.71	0.0171
0.711	0.0169
0.712	0.0167
0.713	0.0168
0.714	0.0168
0.715	0.0166
0.716	0.0169
0.717	0.0164
0.718	0.0165
0.719	0.0163
0.72	0.0159
0.721	0.0158
0.722	0.0156
0.723	0.016
0.724	0.0156
0.725	0.0154
0.726	0.0156
0.727	0.0155
0.728	0.0152
0.729	0.0152
0.73	0.0149
0.731	0.015
0.732	0.015
0.733	0.0152
0.734	0.0155
0.735	0.0151
0.736	0.0151
0.737	0.0152
0.738	0.0148
0.739	0.0146
0.74	0.0151
0.741	0.0146
0.742	0.0146
0.743	0.0148
0.744	0.0148
0.745	0.0149
0.746	0.015
0.747	0.0148
0.748	0.015
0.749	0.015
0.75	0.0151
0.751	0.0151
0.752	0.0149
0.753	0.0148
0.754	0.0152
0.755	0.0147
0.756	0.0149
0.757	0.0149
0.758	0.015
0.759	0.015
0.76	0.0148
0.761	0.0143
0.762	0.0146
0.763	0.0143
0.764	0.015
0.765	0.0145
0.766	0.0145
0.767	0.0144
0.768	0.0148
0.769	0.0143
0.77	0.0146
0.771	0.0146
0.772	0.0145
0.773	0.0147
0.774	0.015
0.775	0.0147
0.776	0.0145
0.777	0.0148
0.778	0.0151
0.779	0.0148
0.78	0.0147
0.781	0.0147
0.782	0.0146
0.783	0.0146
0.784	0.0144
0.785	0.0142
0.786	0.0143
0.787	0.0143
0.788	0.0144
0.789	0.014
0.79	0.014
0.791	0.0143
0.792	0.0144
0.793	0.0142
0.794	0.0144
0.795	0.0146
0.796	0.0145
0.797	0.0144
0.798	0.0146
0.799	0.0142
0.8	0.0144
0.801	0.0141
0.802	0.0144
0.803	0.0139
0.804	0.0142
0.805	0.0145
0.806	0.0146
0.807	0.0144
0.808	0.0145
0.809	0.0146
0.81	0.0146
0.811	0.0144
0.812	0.0147
0.813	0.0141
0.814	0.0142
0.815	0.0142
0.816	0.0141
0.817	0.0137
0.818	0.0139
0.819	0.014
0.82	0.0139
0.821	0.0141
0.822	0.0143
0.823	0.014
0.824	0.0141
0.825	0.0138
0.826	0.0139
0.827	0.0139
0.828	0.014
0.829	0.014
0.83	0.0139
0.831	0.0136
0.832	0.014
0.833	0.0139
0.834	0.0134
0.835	0.0135
0.836	0.0134
0.837	0.0131
0.838	0.0131
0.839	0.013
0.84	0.0129
0.841	0.013
0.842	0.0129
0.843	0.0132
0.844	0.0128
0.845	0.0129
0.846	0.0132
0.847	0.013
0.848	0.0128
0.849	0.0132
0.85	0.0133
0.851	0.0133
0.852	0.0133
0.853	0.0133
0.854	0.0134
0.855	0.0134
0.856	0.0135
0.857	0.0134
0.858	0.0135
0.859	0.0136
0.86	0.0137
0.861	0.0135
0.862	0.0134
0.863	0.0137
0.864	0.0135
0.865	0.0137
0.866	0.0137
0.867	0.0136
0.868	0.0138
0.869	0.0138
0.87	0.0138
0.871	0.014
0.872	0.0138
0.873	0.014
0.874	0.014
0.875	0.0141
0.876	0.0138
0.877	0.014
0.878	0.014
0.879	0.014
0.88	0.014
0.881	0.0137
0.882	0.0138
0.883	0.0139
0.884	0.0138
0.885	0.0135
0.886	0.0134
0.887	0.0136
0.888	0.0133
0.889	0.0131
0.89	0.013
0.891	0.0129
0.892	0.0127
0.893	0.0129
0.894	0.0127
0.895	0.0122
0.896	0.0121
0.897	0.0121
0.898	0.0118
0.899	0.0117
0.9	0.0113
0.901	0.0112
0.902	0.0106
0.903	0.0103
0.904	0.01
0.905	0.0099
0.906	0.0097
0.907	0.0092
0.908	0.0091
0.909	0.0088
0.91	0.0086
0.911	0.0086
0.912	0.0084
0.913	0.0084
0.914	0.0086
0.915	0.0082
0.916	0.0082
0.917	0.008
0.918	0.008
0.919	0.0082
0.92	0.008
0.921	0.0082
0.922	0.0082
0.923	0.0087
0.924	0.0091
0.925	0.0095
0.926	0.0095
0.927	0.0097
0.928	0.0105
0.929	0.0106
0.93	0.0112
0.931	0.0113
0.932	0.0113
0.933	0.0118
0.934	0.0125
0.935	0.0127
0.936	0.0129
0.937	0.0134
0.938	0.0143
0.939	0.0146
0.94	0.015
0.941	0.0157
0.942	0.0161
0.943	0.0163
0.944	0.0167
0.945	0.0168
0.946	0.0173
0.947	0.0176
0.948	0.0178
0.949	0.0174
0.95	0.0175
0.951	0.0177
0.952	0.0177
0.953	0.0173
0.954	0.0175
0.955	0.0178
0.956	0.0178
0.957	0.0176
0.958	0.0178
0.959	0.0176
0.96	0.0179
0.961	0.0179
0.962	0.0182
0.963	0.0184
0.964	0.0185
0.965	0.0191
0.966	0.0194
0.967	0.0201
0.968	0.0208
0.969	0.022
0.97	0.0229
0.971	0.0242
0.972	0.0252
0.973	0.0265
0.974	0.0279
0.975	0.0295
0.976	0.0316
0.977	0.0332
0.978	0.0353
0.979	0.0374
0.98	0.0398
0.981	0.0419
0.982	0.0448
0.983	0.0476
0.984	0.0504
0.985	0.053
0.986	0.0562
0.987	0.0588
0.988	0.0621
0.989	0.0654
0.99	0.0682
0.991	0.0712
0.992	0.0741
0.993	0.0774
0.994	0.08
0.995	0.0831
0.996	0.0859
0.997	0.0885
0.998	0.0912
0.999	0.0941
1	0.0965
1.001	0.0991
1.002	0.1014
1.003	0.1038
1.004	0.1059
1.005	0.1078
1.006	0.1099
1.007	0.1118
1.008	0.1134
1.009	0.115
1.01	0.1165
1.011	0.1177
1.012	0.1193
1.013	0.1202
1.014	0.1213
1.015	0.1224
1.016	0.1237
1.017	0.1243
1.018	0.1247
1.019	0.1257
1.02	0.1263
1.021	0.1268
1.022	0.1272
1.023	0.1281
1.024	0.1285
1.025	0.1292
1.026	0.1292
1.027	0.1297
1.028	0.1301
1.029	0.1304
1.03	0.1309
1.031	0.131
1.032	0.1312
1.033	0.1314
1.034	0.1315
1.035	0.1314
1.036	0.1313
1.037	0.1312
1.038	0.1314
1.039	0.1311
1.04	0.1305
1.041	0.1298
1.042	0.1293
1.043	0.1288
1.044	0.1281
1.045	0.1276
1.046	0.1266
1.047	0.1263
1.048	0.1257
1.049	0.1247
1.05	0.1242
1.051	0.1234
1.052	0.1228
1.053	0.122
1.054	0.1211
1.055	0.1196
1.056	0.1188
1.057	0.1181
1.058	0.1171
1.059	0.116
1.06	0.115
1.061	0.114
1.062	0.1129
1.063	0.1118
1.064	0.1105
1.065	0.1095
1.066	0.109
1.067	0.108
1.068	0.107
1.069	0.1061
1.07	0.105
1.071	0.1046
1.072	0.1037
1.073	0.1031
1.074	0.1025
1.075	0.1022
1.076	0.1015
1.077	0.1008
1.078	0.1005
1.079	0.1003
1.08	0.0997
1.081	0.099
1.082	0.0985
1.083	0.0979
1.084	0.0972
1.085	0.0967
1.086	0.0959
1.087	0.0952
1.088	0.0948
1.089	0.0941
1.09	0.0934
1.091	0.0926
1.092	0.0923
1.093	0.0921
1.094	0.092
1.095	0.0918
1.096	0.0915
1.097	0.0915
1.098	0.0914
1.099	0.0918
1.1	0.0913
1.101	0.0916
1.102	0.092
1.103	0.0921
1.104	0.0927
1.105	0.0933
1.106	0.0934
1.107	0.0938
1.108	0.094
1.109	0.0944
1.11	0.0945
1.111	0.0947
1.112	0.0948
1.113	0.0949
1.114	0.0948
1.115	0.0948
1.116	0.095
1.117	0.0951
1.118	0.0955
1.119	0.0952
1.12	0.0959
1.121	0.0963
1.122	0.0968
1.123	0.0971
1.124	0.0973
1.125	0.0979
1.126	0.0979
1.127	0.0981
1.128	0.0982
1.129	0.0984
1.13	0.0983
1.131	0.0982
1.132	0.0981
1.133	0.0981
1.134	0.0979
1.135	0.0975
1.136	0.0972
1.137	0.0967
1.138	0.0971
1.139	0.0973
1.14	0.0973
1.141	0.0976
1.142	0.0981
1.143	0.0986
1.144	0.0992
1.145	0.0996
1.146	0.1006
1.147	0.1008
1.148	0.1011
1.149	0.101
1.15	0.1008
1.151	0.1007
1.152	0.1008
1.153	0.1001
1.154	0.0996
1.155	0.099
1.156	0.0984
1.157	0.0976
1.158	0.0967
1.159	0.0956
1.16	0.0948
1.161	0.0939
1.162	0.0932
1.163	0.0921
1.164	0.0908
1.165	0.0899
1.166	0.0891
1.167	0.0879
1.168	0.0872
1.169	0.0865
1.17	0.0855
1.171	0.085
1.172	0.0842
1.173	0.0832
1.174	0.0826
1.175	0.0818
1.176	0.0813
1.177	0.0801
1.178	0.0791
1.179	0.0785
1.18	0.0774
1.181	0.0764
1.182	0.0754
1.183	0.0744
1.184	0.0736
1.185	0.0728
1.186	0.0713
1.187	0.0703
1.188	0.0694
1.189	0.0685
1.19	0.0672
1.191	0.0656
1.192	0.0649
1.193	0.0638
1.194	0.0625
1.195	0.0612
1.196	0.0604
1.197	0.0587
1.198	0.0571
1.199	0.0556
1.2	0.054
1.201	0.0524
1.202	0.0517
1.203	0.0503
1.204	0.0487
1.205	0.0475
1.206	0.0468
1.207	0.0453
1.208	0.0442
1.209	0.0433
1.21	0.0427
1.211	0.0419
1.212	0.0409
1.213	0.04
1.214	0.0393
1.215	0.0381
1.216	0.0376
1.217	0.0365
1.218	0.0358
1.219	0.0349
1.22	0.034
1.221	0.0328
1.222	0.0317
1.223	0.0306
1.224	0.0295
1.225	0.0282
1.226	0.0271
1.227	0.0256
1.228	0.0242
1.229	0.0228
1.23	0.0216
1.231	0.0196
1.232	0.018
1.233	0.0165
1.234	0.015
1.235	0.0131
1.236	0.0119
1.237	0.0104
1.238	0.0091
1.239	0.0081
1.24	0.0071
1.241	0.0062
1.242	0.0051
1.243	0.0042
1.244	0.0037
1.245	0.0028
1.246	0.0024
1.247	0.0025
1.248	0.0025
1.249	0.0025
1.25	0.0033
1.251	0.0039
1.252	0.0051
1.253	0.0063
1.254	0.008
1.255	0.0094
1.256	0.0114
1.257	0.0138
1.258	0.016
1.259	0.0178
1.26	0.0208
1.261	0.0232
1.262	0.0257
1.263	0.0277
1.264	0.03
1.265	0.0322
1.266	0.0345
1.267	0.0362
1.268	0.0376
1.269	0.0386
1.27	0.0401
1.271	0.0412
1.272	0.042
1.273	0.0424
1.274	0.0434
1.275	0.0433
1.276	0.0434
1.277	0.0433
1.278	0.0433
1.279	0.0436
1.28	0.0435
1.281	0.0433
1.282	0.0433
1.283	0.0429
1.284	0.0436
1.285	0.0432
1.286	0.0432
1.287	0.0435
1.288	0.0439
1.289	0.0435
1.29	0.0438
1.291	0.0438
1.292	0.0439
1.293	0.0443
1.294	0.0448
1.295	0.045
1.296	0.0452
1.297	0.0455
1.298	0.0462
1.299	0.0463
1.3	0.0464
1.301	0.0468
1.302	0.0472
1.303	0.0473
1.304	0.0478
1.305	0.0483
1.306	0.0486
1.307	0.0488
1.308	0.0493
1.309	0.0495
1.31	0.0495
1.311	0.0501
1.312	0.0502
1.313	0.0503
1.314	0.0503
1.315	0.0505
1.316	0.0506
1.317	0.0502
1.318	0.0503
1.319	0.0499
1.32	0.0499
1.321	0.0498
1.322	0.05
1.323	0.0496
1.324	0.0491
1.325	0.049
1.326	0.0489
1.327	0.0481
1.328	0.0479
1.329	0.0477
1.33	0.0472
1.331	0.0468
1.332	0.0466
1.333	0.0457
1.334	0.0451
1.335	0.0445
1.336	0.0442
1.337	0.0435
1.338	0.0429
1.339	0.0425
1.34	0.0418
1.341	0.0411
1.342	0.0408
1.343	0.0401
1.344	0.0393
1.345	0.0387
1.346	0.0377
1.347	0.0369
1.348	0.0365
1.349	0.0359
1.35	0.0354
1.351	0.0344
1.352	0.0341
1.353	0.0336
1.354	0.0329
1.355	0.0324
1.356	0.0321
1.357	0.031
1.358	0.0305
1.359	0.0297
1.36	0.0289
1.361	0.0284
1.362	0.0282
1.363	0.0275
1.364	0.0266
1.365	0.026
1.366	0.0257
1.367	0.0249
1.368	0.0244
1.369	0.024
1.37	0.0234
1.371	0.0229
1.372	0.0224
1.373	0.022
1.374	0.0215
1.375	0.0207
1.376	0.0205
1.377	0.0198
1.378	0.019
1.379	0.0187
1.38	0.0182
1.381	0.0174
1.382	0.0174
1.383	0.0171
1.384	0.0167
1.385	0.0161
1.386	0.0162
1.387	0.0158
1.388	0.0155
1.389	0.0154
1.39	0.0152
1.391	0.0146
1.392	0.0145
1.393	0.0145
1.394	0.0142
1.395	0.0137
1.396	0.014
1.397	0.0137
1.398	0.0135
1.399	0.0134
1.4	0.0137
1.401	0.0129
1.402	0.0128
1.403	0.0127
1.404	0.0126
1.405	0.0124
1.406	0.0124
1.407	0.0126
1.408	0.0127
1.409	0.0125
1.41	0.0127
1.411	0.0127
1.412	0.0129
1.413	0.0133
1.414	0.0135
1.415	0.0131
1.416	0.0132
1.417	0.0134
1.418	0.0133
1.419	0.0133
1.42	0.0138
1.421	0.0138
1.422	0.0139
1.423	0.0138
1.424	0.0139
1.425	0.0142
1.426	0.0142
1.427	0.0144
1.428	0.0145
1.429	0.0144
1.43	0.0146
1.431	0.0147
1.432	0.0147
1.433	0.0149
1.434	0.0154
1.435	0.015
1.436	0.0154
1.437	0.0153
1.438	0.0157
1.439	0.0156
1.44	0.0156
1.441	0.0155
1.442	0.0155
1.443	0.0155
1.444	0.0159
1.445	0.0157
1.446	0.0156
1.447	0.0157
1.448	0.0159
1.449	0.0156
1.45	0.0161
1.451	0.0163
1.452	0.0161
1.453	0.0161
1.454	0.016
1.455	0.0159
1.456	0.0157
1.457	0.0159
1.458	0.0161
1.459	0.0156
1.46	0.0156
1.461	0.0157
1.462	0.0155
1.463	0.0155
1.464	0.0154
1.465	0.0151
1.466	0.0156
1.467	0.0156
1.468	0.0158
1.469	0.0152
1.47	0.0156
1.471	0.0154
1.472	0.0156
1.473	0.0152
1.474	0.0158
1.475	0.0159
1.476	0.0157
1.477	0.0155
1.478	0.0154
1.479	0.0157
1.48	0.0158
1.481	0.0156
1.482	0.0156
1.483	0.0153
1.484	0.0155
1.485	0.0157
1.486	0.0153
1.487	0.0154
1.488	0.0157
1.489	0.0155
1.49	0.0153
1.491	0.0153
1.492	0.0156
1.493	0.0151
1.494	0.0154
1.495	0.0152
1.496	0.0154
1.497	0.0151
1.498	0.0154
1.499	0.0155
1.5	0.0152
1.501	0.0153
1.502	0.0156
1.503	0.0155
1.504	0.0156
1.505	0.0156
1.506	0.0156
1.507	0.0155
1.508	0.0158
1.509	0.0157
1.51	0.0154
1.511	0.0154
1.512	0.0156
1.513	0.0152
1.514	0.0153
1.515	0.0153
1.516	0.0156
1.517	0.0155
1.518	0.015
1.519	0.0152
1.52	0.015
1.521	0.0151
1.522	0.0151
1.523	0.0149
1.524	0.0151
1.525	0.015
1.526	0.0151
1.527	0.0148
1.528	0.015
1.529	0.0152
1.53	0.015
1.531	0.0148
1.532	0.015
1.533	0.0151
1.534	0.0154
1.535	0.0151
1.536	0.0152
1.537	0.0149
1.538	0.0151
1.539	0.0152
1.54	0.015
1.541	0.0148
1.542	0.0151
1.543	0.0148
1.544	0.015
1.545	0.0147
1.546	0.0146
1.547	0.0149
1.548	0.0148
1.549	0.0152
1.55	0.015
1.551	0.0146
1.552	0.0148
1.553	0.0148
1.554	0.0149
1.555	0.0146
1.556	0.0152
1.557	0.0148
1.558	0.015
1.559	0.0147
1.56	0.015
1.561	0.0146
1.562	0.0152
1.563	0.0149
1.564	0.015
1.565	0.0144
1.566	0.0149
1.567	0.0147
1.568	0.0147
1.569	0.0145
1.57	0.0145
1.571	0.0143
1.572	0.0145
1.573	0.0147
1.574	0.0147
1.575	0.0145
1.576	0.0145
1.577	0.0146
1.578	0.0147
1.579	0.0145
1.58	0.0148
1.581	0.0148
1.582	0.0147
1.583	0.0146
1.584	0.0146
1.585	0.0146
1.586	0.0146
1.587	0.0146
1.588	0.0147
1.589	0.0146
1.59	0.0146
1.591	0.0148
1.592	0.0148
1.593	0.0147
1.594	0.0149
1.595	0.0147
1.596	0.0145
1.597	0.0146
1.598	0.0148
1.599	0.0146
1.6	0.0147
1.601	0.0147
1.602	0.0147
1.603	0.0148
1.604	0.015
1.605	0.015
1.606	0.0147
1.607	0.0148
1.608	0.0146
1.609	0.0145
1.61	0.0148
1.611	0.0149
1.612	0.0146
1.613	0.0147
1.614	0.0146
1.615	0.0147
1.616	0.0146
1.617	0.0144
1.618	0.0146
1.619	0.0144
1.62	0.0144
1.621	0.0145
1.622	0.0146
1.623	0.0147
1.624	0.0147
1.625	0.0148
1.626	0.0149
1.627	0.0149
1.628	0.0151
1.629	0.0145
1.63	0.0148
1.631	0.0147
1.632	0.0148
1.633	0.0143
1.634	0.0145

