t (s) 		P (mmHg)
0		36.070509
0.001467	35.995735
0.002935	35.918544
0.004402	35.840674
0.00587	35.763865
0.007337	35.689858
0.008805	35.620391
0.010272	35.557206
0.01174	35.502042
0.013207	35.456326
0.014675	35.419342
0.016142	35.389472
0.01761	35.365092
0.019077	35.344582
0.020545	35.326319
0.022012	35.308681
0.023479	35.290059
0.024947	35.269562
0.026414	35.24744
0.027882	35.22404
0.029349	35.199711
0.030817	35.174802
0.032284	35.14966
0.033752	35.124636
0.035219	35.100076
0.036687	35.076331
0.038154	35.053747
0.039622	35.032674
0.041089	35.01346
0.042557	34.996454
0.044024	34.982004
0.045491	34.970458
0.046959	34.962139
0.048426	34.957035
0.049894	34.954915
0.051361	34.955544
0.052829	34.958684
0.054296	34.9641
0.055764	34.971557
0.057231	34.980818
0.058699	34.991647
0.060166	35.003809
0.061634	35.017068
0.063101	35.031187
0.064569	35.045931
0.066036	35.061064
0.067504	35.07635
0.068971	35.091552
0.070438	35.1068
0.071906	35.123763
0.073373	35.144523
0.074841	35.171159
0.076308	35.205751
0.077776	35.250382
0.079243	35.307129
0.080711	35.378075
0.082178	35.4653
0.083646	35.570883
0.085113	35.696906
0.086581	35.845449
0.088048	36.018591
0.089516	36.218414
0.090983	36.446998
0.09245	36.706399
0.093918	36.99687
0.095385	37.315668
0.096853	37.659765
0.09832	38.026134
0.099788	38.411746
0.101255	38.813576
0.102723	39.228596
0.10419	39.653778
0.105658	40.086094
0.107125	40.522518
0.108593	40.960023
0.11006	41.395579
0.111528	41.826162
0.112995	42.248742
0.114462	42.660293
0.11593	43.057963
0.117397	43.441218
0.118865	43.811153
0.120332	44.168898
0.1218	44.515582
0.123267	44.852336
0.124735	45.180289
0.126202	45.500571
0.12767	45.814312
0.129137	46.122642
0.130605	46.42669
0.132072	46.727587
0.13354	47.026462
0.135007	47.324444
0.136474	47.622665
0.137942	47.922253
0.139409	48.22367
0.140877	48.524368
0.142344	48.820954
0.143812	49.110031
0.145279	49.388204
0.146747	49.65208
0.148214	49.898263
0.149682	50.123359
0.151149	50.324417
0.152617	50.501963
0.154084	50.658158
0.155552	50.795168
0.157019	50.915163
0.158486	51.020312
0.159954	51.112782
0.161421	51.194736
0.162889	51.267802
0.164356	51.332668
0.165824	51.389927
0.167291	51.440174
0.168759	51.484002
0.170226	51.522005
0.171694	51.554776
0.173161	51.582909
0.174629	51.606998
0.176096	51.627635
0.177564	51.645416
0.179031	51.660933
0.180498	51.67478
0.181966	51.687551
0.183433	51.699839
0.184901	51.712217
0.186368	51.724969
0.187836	51.738159
0.189303	51.75185
0.190771	51.766102
0.192238	51.780977
0.193706	51.796537
0.195173	51.812842
0.196641	51.829954
0.198108	51.847934
0.199576	51.866844
0.201043	51.886744
0.202511	51.907696
0.203978	51.929762
0.205445	51.953002
0.206913	51.977477
0.20838	52.00325
0.209848	52.030382
0.211315	52.058933
0.212783	52.088965
0.21425	52.120539
0.215718	52.153717
0.217185	52.18856
0.218653	52.225129
0.22012	52.263486
0.221588	52.303691
0.223055	52.345806
0.224523	52.389893
0.22599	52.436012
0.227457	52.484225
0.228925	52.534593
0.230392	52.587175
0.23186	52.64174
0.233327	52.697522
0.234795	52.753699
0.236262	52.809445
0.23773	52.863938
0.239197	52.916353
0.240665	52.965868
0.242132	53.011658
0.2436	53.053132
0.245067	53.090402
0.246535	53.123717
0.248002	53.153326
0.249469	53.179477
0.250937	53.202419
0.252404	53.2224
0.253872	53.239649
0.255339	53.254086
0.256807	53.265389
0.258274	53.273233
0.259742	53.27729
0.261209	53.277233
0.262677	53.272735
0.264144	53.263469
0.265612	53.249107
0.267079	53.229324
0.268547	53.203791
0.270014	53.172182
0.271481	53.13417
0.272949	53.089428
0.274416	53.037628
0.275884	52.978444
0.277351	52.911595
0.278819	52.837034
0.280286	52.754791
0.281754	52.664894
0.283221	52.567372
0.284689	52.462253
0.286156	52.349565
0.287624	52.229337
0.289091	52.101598
0.290559	51.966376
0.292026	51.8237
0.293493	51.673598
0.294961	51.516098
0.296428	51.35123
0.297896	51.179022
0.299363	50.999502
0.300831	50.812697
0.302298	50.618632
0.303766	50.41733
0.305233	50.208817
0.306701	49.993115
0.308168	49.770248
0.309636	49.540242
0.311103	49.303119
0.312571	49.058904
0.314038	48.80762
0.315506	48.549292
0.316973	48.283944
0.31844	48.011599
0.319908	47.732283
0.321375	47.446017
0.322843	47.152994
0.32431	46.856161
0.325778	46.560738
0.327245	46.272011
0.328713	45.995288
0.33018	45.736331
0.331648	45.501381
0.333115	45.2967
0.334583	45.128451
0.33605	44.998879
0.337518	44.905096
0.338985	44.843868
0.340452	44.811961
0.34192	44.806141
0.343387	44.823174
0.344855	44.859827
0.346322	44.912682
0.34779	44.977342
0.349257	45.04908
0.350725	45.123168
0.352192	45.194878
0.35366	45.259485
0.355127	45.312259
0.356595	45.34856
0.358062	45.367042
0.35953	45.370578
0.360997	45.362317
0.362464	45.345407
0.363932	45.322998
0.365399	45.29824
0.366867	45.27428
0.368334	45.253841
0.369802	45.237387
0.371269	45.224647
0.372737	45.215347
0.374204	45.209216
0.375672	45.20598
0.377139	45.205366
0.378607	45.207103
0.380074	45.210917
0.381542	45.216536
0.383009	45.223687
0.384476	45.232097
0.385944	45.241494
0.387411	45.251605
0.388879	45.262157
0.390346	45.272878
0.391814	45.283495
0.393281	45.293734
0.394749	45.303325
0.396216	45.311993
0.397684	45.319467
0.399151	45.325472
0.400619	45.329738
0.402086	45.331991
0.403554	45.331958
0.405021	45.329367
0.406488	45.323946
0.407956	45.31542
0.409423	45.303518
0.410891	45.287967
0.412358	45.268495
0.413826	45.244841
0.415293	45.216978
0.416761	45.185074
0.418228	45.149302
0.419696	45.109837
0.421163	45.066854
0.422631	45.020525
0.424098	44.971025
0.425566	44.918529
0.427033	44.86321
0.428501	44.805243
0.429968	44.744802
0.431435	44.68206
0.432903	44.617193
0.43437	44.550373
0.435838	44.481776
0.437305	44.411576
0.438773	44.339946
0.44024	44.267061
0.441708	44.193094
0.443175	44.118221
0.444643	44.042614
0.44611	43.966449
0.447578	43.8899
0.449045	43.81314
0.450513	43.736343
0.45198	43.659684
0.453447	43.583338
0.454915	43.507477
0.456382	43.432276
0.45785	43.35791
0.459317	43.284552
0.460785	43.212318
0.462252	43.141202
0.46372	43.07118
0.465187	43.002231
0.466655	42.934331
0.468122	42.867458
0.46959	42.801589
0.471057	42.736702
0.472525	42.672774
0.473992	42.609782
0.475459	42.547704
0.476927	42.486517
0.478394	42.426199
0.479862	42.366726
0.481329	42.308077
0.482797	42.250228
0.484264	42.193157
0.485732	42.136841
0.487199	42.081259
0.488667	42.026386
0.490134	41.9722
0.491602	41.918679
0.493069	41.865801
0.494537	41.813542
0.496004	41.761879
0.497471	41.710791
0.498939	41.660255
0.500406	41.610248
0.501874	41.560746
0.503341	41.511729
0.504809	41.463173
0.506276	41.415055
0.507744	41.367353
0.509211	41.320044
0.510679	41.273106
0.512146	41.226515
0.513614	41.18025
0.515081	41.134288
0.516549	41.088605
0.518016	41.04318
0.519483	40.99799
0.520951	40.953012
0.522418	40.908223
0.523886	40.863601
0.525353	40.819124
0.526821	40.774767
0.528288	40.73051
0.529756	40.68633
0.531223	40.642202
0.532691	40.598106
0.534158	40.554019
0.535626	40.509917
0.537093	40.465778
0.538561	40.42158
0.540028	40.3773
0.541495	40.332915
0.542963	40.288403
0.54443	40.24374
0.545898	40.198905
0.547365	40.153875
0.548833	40.108627
0.5503	40.063138
0.551768	40.017397
0.553235	39.971413
0.554703	39.925199
0.55617	39.87877
0.557638	39.832137
0.559105	39.785315
0.560573	39.738317
0.56204	39.691156
0.563508	39.643844
0.564975	39.596396
0.566442	39.548825
0.56791	39.501143
0.569377	39.453365
0.570845	39.405503
0.572312	39.35757
0.57378	39.30958
0.575247	39.261547
0.576715	39.213482
0.578182	39.165401
0.57965	39.117315
0.581117	39.069238
0.582585	39.021183
0.584052	38.973164
0.58552	38.925193
0.586987	38.877285
0.588454	38.829452
0.589922	38.781707
0.591389	38.734064
0.592857	38.686536
0.594324	38.639136
0.595792	38.591878
0.597259	38.544774
0.598727	38.497838
0.600194	38.451084
0.601662	38.404524
0.603129	38.358171
0.604597	38.31204
0.606064	38.266143
0.607532	38.220493
0.608999	38.175103
0.610466	38.129988
0.611934	38.08516
0.613401	38.040632
0.614869	37.996418
0.616336	37.95253
0.617804	37.908983
0.619271	37.865789
0.620739	37.822961
0.622206	37.780514
0.623674	37.738459
0.625141	37.696811
0.626609	37.655583
0.628076	37.614787
0.629544	37.574437
0.631011	37.534547
0.632478	37.495129
0.633946	37.456197
0.635413	37.417763
0.636881	37.379843
0.638348	37.342447
0.639816	37.305591
0.641283	37.269286
0.642751	37.233546
0.644218	37.198371
0.645686	37.163749
0.647153	37.129667
0.648621	37.096114
0.650088	37.063077
0.651556	37.030544
0.653023	36.998502
0.65449	36.966939
0.655958	36.935842
0.657425	36.9052
0.658893	36.875
0.66036	36.845229
0.661828	36.815876
0.663295	36.786927
0.664763	36.758371
0.66623	36.730195
0.667698	36.702387
0.669165	36.674935
0.670633	36.647826
0.6721	36.621047
0.673568	36.594587
0.675035	36.568433
0.676503	36.542573
0.67797	36.516995
0.679437	36.491685
0.680905	36.466632
0.682372	36.441824
0.68384	36.417248
0.685307	36.392891
0.686775	36.368742
0.688242	36.344787
0.68971	36.321016
0.691177	36.297414
0.692645	36.273971
0.694112	36.250674
0.69558	36.227509
0.697047	36.204466
0.698515	36.181531
0.699982	36.158692
0.701449	36.135938
0.702917	36.113255
0.704384	36.090631
0.705852	36.068054
0.707319	36.045511
0.708787	36.022991
0.710254	36.000481
0.711722	35.977968
0.713189	35.95544
0.714657	35.932885
0.716124	35.91029
0.717592	35.887644
0.719059	35.864933
0.720527	35.842146
0.721994	35.819269
0.723461	35.796292
0.724929	35.773201
0.726396	35.749984
0.727864	35.726628
0.729331	35.703122
0.730799	35.679453
0.732266	35.655609
0.733734	35.631577
0.735201	35.607362
0.736669	35.582981
0.738136	35.558454
0.739604	35.533798
0.741071	35.509033
0.742539	35.484178
0.744006	35.459251
0.745473	35.434272
0.746941	35.409258
0.748408	35.38423
0.749876	35.359205
0.751343	35.334203
0.752811	35.309243
0.754278	35.284342
0.755746	35.259521
0.757213	35.234797
0.758681	35.21019
0.760148	35.185719
0.761616	35.161402
0.763083	35.137258
0.764551	35.113306
0.766018	35.089565
0.767485	35.066053
0.768953	35.04279
0.77042	35.019794
0.771888	34.997084
0.773355	34.974679
0.774823	34.952598
0.77629	34.930859
0.777758	34.909482
0.779225	34.888485
0.780693	34.867886
0.78216	34.847703
0.783628	34.827952
0.785095	34.80865
0.786563	34.789814
0.78803	34.77146
0.789497	34.753606
0.790965	34.736268
0.792432	34.719463
0.7939	34.703208
0.795367	34.687519
0.796835	34.672414
0.798302	34.657909
0.79977	34.64402
0.801237	34.630766
0.802705	34.618161
0.804172	34.606224
0.80564	34.594972
0.807107	34.58442
0.808575	34.574585
0.810042	34.565485
0.81151	34.557136
0.812977	34.549555
0.814444	34.542759
0.815912	34.536765
0.817379	34.531588
0.818847	34.527247
0.820314	34.523758
0.821782	34.521138
0.823249	34.519402
0.824717	34.51857
0.826184	34.518767
0.827652	34.520923
0.829119	34.52632
0.830587	34.53624
0.832054	34.551967
0.833522	34.574784
0.834989	34.605973
0.836456	34.646818
0.837924	34.698601
0.839391	34.762605
0.840859	34.840114
0.842326	34.93241
0.843794	35.040777
0.845261	35.166497
0.846729	35.310854
0.848196	35.47513
0.849664	35.660588
0.851131	35.868441
0.852599	36.099891
0.854066	36.35614
0.855534	36.63839
0.857001	36.947846
0.858468	37.285708
0.859936	37.65318
0.861403	38.050348
0.862871	38.472209
0.864338	38.912311
0.865806	39.364201
0.867273	39.821426
0.868741	40.277533
0.870208	40.72607
0.871676	41.160711
0.873143	41.578704
0.874611	41.98126
0.876078	42.369793
0.877546	42.745719
0.879013	43.110454
0.88048	43.465412
0.881948	43.81201
0.883415	44.151664
0.884883	44.485787
0.88635	44.815797
0.887818	45.143108
0.889285	45.469136
0.890753	45.795297
0.89222	46.123005
0.893688	46.453678
0.895155	46.788341
0.896623	47.125039
0.89809	47.460427
0.899558	47.791154
0.901025	48.113869
0.902492	48.425219
0.90396	48.721853
0.905427	49.000419
0.906895	49.257749
0.908362	49.493292
0.90983	49.708468
0.911297	49.90474
0.912765	50.083575
0.914232	50.246436
0.9157	50.394789
0.917167	50.530099
0.918635	50.653619
0.920102	50.765994
0.92157	50.867765
0.923037	50.959471
0.924505	51.041651
0.925972	51.114844
0.927439	51.17959
0.928907	51.236427
0.930374	51.285896
0.931842	51.328535
0.933309	51.364884
0.934777	51.395482
0.936244	51.420869
0.937712	51.441583
0.939179	51.458164
0.940647	51.471152
0.942114	51.481085
0.943582	51.488503
0.945049	51.493946
0.946517	51.497952
0.947984	51.50106
0.949451	51.503811
0.950919	51.506744
0.952386	51.510397
0.953854	51.51531
0.955321	51.522022
0.956789	51.531074
0.958256	51.543003
0.959724	51.558349
0.961191	51.577652
0.962659	51.601451
0.964126	51.630213
0.965594	51.663805
0.967061	51.701804
0.968529	51.743782
0.969996	51.789312
0.971463	51.837969
0.972931	51.889325
0.974398	51.942953
0.975866	51.998426
0.977333	52.055318
0.978801	52.113202
0.980268	52.171651
0.981736	52.230238
0.983203	52.288536
0.984671	52.346119
0.986138	52.402559
0.987606	52.457515
0.989073	52.510895
0.990541	52.562658
0.992008	52.612761
0.993475	52.661162
0.994943	52.707818
0.99641	52.752687
0.997878	52.795728
0.999345	52.836897
1.000813	52.876152
1.00228	52.913451
1.003748	52.948752
1.005215	52.982011
1.006683	53.013188
1.00815	53.04224
1.009618	53.06912
1.011085	53.093658
1.012553	53.115531
1.01402	53.134404
1.015487	53.149946
1.016955	53.161822
1.018422	53.1697
1.01989	53.173246
1.021357	53.172127
1.022825	53.16601
1.024292	53.154562
1.02576	53.137449
1.027227	53.114338
1.028695	53.084896
1.030162	53.048791
1.03163	53.005687
1.033097	52.955296
1.034565	52.897697
1.036032	52.833163
1.037499	52.761971
1.038967	52.684393
1.040434	52.600705
1.041902	52.511183
1.043369	52.4161
1.044837	52.315733
1.046304	52.210354
1.047772	52.100241
1.049239	51.985666
1.050707	51.866905
1.052174	51.744234
1.053642	51.617926
1.055109	51.488257
1.056577	51.355309
1.058044	51.218547
1.059512	51.077313
1.060979	50.930948
1.062446	50.778796
1.063914	50.620197
1.065381	50.454494
1.066849	50.281029
1.068316	50.099143
1.069784	49.908178
1.071251	49.707477
1.072719	49.496382
1.074186	49.274233
1.075654	49.040374
1.077121	48.794145
1.078589	48.534933
1.080056	48.263789
1.081524	47.983927
1.082991	47.698702
1.084458	47.41147
1.085926	47.125588
1.087393	46.844412
1.088861	46.571297
1.090328	46.309601
1.091796	46.062678
1.093263	45.833887
1.094731	45.626581
1.096198	45.444118
1.097666	45.289854
1.099133	45.167145
1.100601	45.079253
1.102068	45.025945
1.103536	45.002563
1.105003	45.004164
1.10647	45.025803
1.107938	45.062537
1.109405	45.109421
1.110873	45.161512
1.11234	45.213876
1.113808	45.263074
1.115275	45.308718
1.116743	45.350796
1.11821	45.38929
1.119678	45.424188
1.121145	45.455473
1.122613	45.483132
1.12408	45.507165
1.125548	45.527716
1.127015	45.545005
1.128482	45.559255
1.12995	45.570684
1.131417	45.579516
1.132885	45.585971
1.134352	45.59027
1.13582	45.592635
1.137287	45.593286
1.138755	45.592445
1.140222	45.590333
1.14169	45.58717
1.143157	45.583179
1.144625	45.57858
1.146092	45.573595
1.14756	45.568383
1.149027	45.562901
1.150494	45.557062
1.151962	45.550782
1.153429	45.543974
1.154897	45.536554
1.156364	45.528434
1.157832	45.51953
1.159299	45.509756
1.160767	45.499026
1.162234	45.487254
1.163702	45.474354
1.165169	45.460242
1.166637	45.444831
1.168104	45.428036
1.169572	45.40977
1.171039	45.389949
1.172507	45.368486
1.173974	45.345296
1.175441	45.320293
1.176909	45.293392
1.178376	45.264506
1.179844	45.23355
1.181311	45.200438
1.182779	45.165085
1.184246	45.127405
1.185714	45.087312
1.187181	45.04472
1.188649	44.999545
1.190116	44.951699
1.191584	44.901098
1.193051	44.84767
1.194519	44.791487
1.195986	44.732703
1.197453	44.671472
1.198921	44.607946
1.200388	44.54228
1.201856	44.474628
1.203323	44.405143
1.204791	44.33398
1.206258	44.261292
1.207726	44.187233
1.209193	44.111958
1.210661	44.035618
1.212128	43.95837
1.213596	43.880366
1.215063	43.80176
1.216531	43.722706
1.217998	43.643358
1.219465	43.56387
1.220933	43.484396
1.2224	43.405089
1.223868	43.326103
1.225335	43.247593
1.226803	43.169711
1.22827	43.092612
1.229738	43.01645
1.231205	42.941378
1.232673	42.867551
1.23414	42.795122
1.235608	42.724244
1.237075	42.655073
1.238543	42.587759
1.24001	42.522365
1.241477	42.458828
1.242945	42.397073
1.244412	42.337026
1.24588	42.278616
1.247347	42.221767
1.248815	42.166407
1.250282	42.112463
1.25175	42.05986
1.253217	42.008525
1.254685	41.958385
1.256152	41.909366
1.25762	41.861395
1.259087	41.814399
1.260555	41.768303
1.262022	41.723035
1.263489	41.678521
1.264957	41.634687
1.266424	41.591461
1.267892	41.548767
1.269359	41.506534
1.270827	41.464688
1.272294	41.423155
1.273762	41.381861
1.275229	41.340734
1.276697	41.299699
1.278164	41.258684
1.279632	41.217614
1.281099	41.176417
1.282567	41.135018
1.284034	41.09335
1.285502	41.051392
1.286969	41.009152
1.288436	40.966639
1.289904	40.923861
1.291371	40.880827
1.292839	40.837545
1.294306	40.794024
1.295774	40.750272
1.297241	40.706298
1.298709	40.662111
1.300176	40.617719
1.301644	40.57313
1.303111	40.528353
1.304579	40.483396
1.306046	40.438269
1.307514	40.392979
1.308981	40.347535
1.310448	40.301946
1.311916	40.25622
1.313383	40.210365
1.314851	40.164391
1.316318	40.118305
1.317786	40.072117
1.319253	40.025834
1.320721	39.979465
1.322188	39.93302
1.323656	39.886505
1.325123	39.839931
1.326591	39.793304
1.328058	39.746635
1.329526	39.699931
1.330993	39.653201
1.33246	39.606453
1.333928	39.559696
1.335395	39.512939
1.336863	39.46619
1.33833	39.419457
1.339798	39.372749
1.341265	39.326075
1.342733	39.279443
1.3442	39.232862
1.345668	39.186339
1.347135	39.139885
1.348603	39.093506
1.35007	39.047213
1.351538	39.001012
1.353005	38.954913
1.354472	38.908925
1.35594	38.863055
1.357407	38.817313
1.358875	38.771706
1.360342	38.726244
1.36181	38.680935
1.363277	38.635787
1.364745	38.590809
1.366212	38.546009
1.36768	38.501397
1.369147	38.45698
1.370615	38.412767
1.372082	38.368766
1.37355	38.324987
1.375017	38.281437
1.376484	38.238128
1.377952	38.195081
1.379419	38.15232
1.380887	38.109868
1.382354	38.06775
1.383822	38.025989
1.385289	37.984608
1.386757	37.943633
1.388224	37.903085
1.389692	37.86299
1.391159	37.823371
1.392627	37.784251
1.394094	37.745654
1.395562	37.707605
1.397029	37.670127
1.398496	37.633243
1.399964	37.596978
1.401431	37.561355
1.402899	37.526398
1.404366	37.492131
1.405834	37.458577
1.407301	37.42576
1.408769	37.393704
1.410236	37.362433
1.411704	37.331971
1.413171	37.302341
1.414639	37.273567
1.416106	37.245672
1.417574	37.218681
1.419041	37.192618
1.420509	37.167505
1.421976	37.143358
1.423443	37.120081
1.424911	37.097508
1.426378	37.075471
1.427846	37.053802
1.429313	37.032333
1.430781	37.010898
1.432248	36.989328
1.433716	36.967456
1.435183	36.945115
1.436651	36.922135
1.438118	36.898351
1.439586	36.873594
1.441053	36.847696
1.442521	36.82049
1.443988	36.791809
1.445455	36.761484
1.446923	36.729348
1.44839	36.695234
1.449858	36.658974
1.451325	36.620399
1.452793	36.579343
1.45426	36.535638
1.455728	36.489116
1.457195	36.439609
1.458663	36.386951
1.46013	36.330973
1.461598	36.271507
1.463065	36.208386
1.464533	36.141443
1.466	36.070509

